-3.72421038798847
-3.1813890464997
-3.17091085922873
-3.27205872595179
-3.54841687665378
-3.54143141847314
-3.67415512390541
-3.29193288505757
-3.27097651051564
-3.26399105233499
-3.42529950096793
-3.43228495914858
-3.40783585551632
-3.43927041732922
-3.72421038798847
-3.69277582617556
-3.72770311707879
-3.24076544103519
-3.2267945246739
-3.24076544103519
-3.23377998285454
-3.18488177559002
-3.09756354833195
-3.53234333993263
-3.49951866938926
-3.49951866938926
-3.60430054209895
-2.97236848594217
-3.05974621808309
-3.23255649052208
-3.1592091796253
-3.1592091796253
-3.19814858385731
-3.39143126574743
-3.39735766824535
-3.39735766824535
-3.42879223005825
-3.42529950096793
-3.42879223005825
-3.43578485803699
-3.43927041732922
-3.72421038798846
-3.72421038798847
-3.70325401344653
-3.68579036799491
-3.71023947162717
-3.72421038798847
-3.72770311707879
-3.20234542104164
-3.10105627742227
-3.11502719378356
-3.14296902650615
-3.15344721377711
-3.09756354833195
-3.14361483583974
-3.41532239285188
-3.49951866938926
-3.5519096057441
-3.40086559758513
-3.56502386483031
-2.87668977062221
-2.87668977062221
-3.46185811591591
-2.88908546806841
-4.11274904815632
-4.26185125547504
-4.26534398456537
-4.26883671365569
-4.27232944274601
-4.28280763001698
-4.29328581728795
-4.30376400455892
-2.60912466054859
-2.81170294778732
-3.07720986353471
-2.50440229272175
-2.99338436536696
-3.07371713444438
-3.84154073266427
-3.82756981630297
-3.72628067268361
-3.84503346175459
-3.27796196869628
-3.22906376143176
-3.1592091796253
-3.1592091796253
-3.1592091796253
-3.22575921081594
-3.39735766824535
-3.39735766824535
-3.39735766824535
-3.39735766824535
-3.40085039733567
-3.42879223005825
-3.41831404278729
-3.39735766824535
-3.34813687351821
-3.16508118456276
-3.42859771706773
-3.72770311707879
-3.70325401344653
-3.68928309708524
-3.68579036799491
-3.68928309708524
-3.69277582617556
-3.69626855526588
-3.68579036799491
-3.68579036799491
-3.68579036799491
-3.68579036799491
-3.68928309708524
-3.6997612843562
-3.72071765889814
-3.1813890464997
-3.10105627742227
-3.09756354833195
-3.09756354833195
-3.09756354833195
-3.09756354833195
-3.09756354833195
-3.09756354833195
-3.3288654467035
-3.49951866938926
-3.64970602027315
-3.46373472121095
-3.14240364490124
-3.2436927885206
-2.24607471098468
-2.30388219980925
-3.51424905227076
-2.83665960874811
-2.70394218820974
-4.16751261416241
-4.2548657972944
-4.2548657972944
-4.2548657972944
-4.2548657972944
-4.2548657972944
-4.2548657972944
-4.25835852638472
-4.27232944274601
-2.46829824065561
-2.47989368420664
-2.87806480050345
-3.05974621808309
-2.4659822727282
-2.6196623527024
-2.83970428539275
-3.80312071267071
-3.65642609087715
-3.48528236545133
-3.53767330180617
-3.39097868001261
-3.51322419817391
-3.79264252539974
-3.29193288505757
-3.25351286506402
-3.2046146577995
-3.16270190871563
-3.1592091796253
-3.1592091796253
-3.1592091796253
-3.1592091796253
-3.28828742232414
-3.39735766824535
-3.39735766824535
-3.39735766824535
-3.39735766824535
-3.39735766824535
-3.39735766824535
-3.39735766824535
-3.39735766824535
-3.33105638790303
-3.1170050886096
-3.13446873406121
-3.43484343582898
-3.72770311707879
-3.68579036799491
-3.68579036799491
-3.68579036799491
-3.68579036799491
-3.68579036799491
-3.68579036799491
-3.68579036799491
-3.68579036799491
-3.68579036799491
-3.68579036799491
-3.68579036799491
-3.68579036799491
-3.71722492980782
-3.17440358831905
-3.09756354833195
-3.09756354833195
-3.09756354833195
-3.09756354833195
-3.09756354833195
-3.09756354833195
-3.10487721984849
-3.46047272049066
-3.49951866938926
-3.3470690078312
-2.62547973953345
-2.82064360504547
-2.36146549621829
-1.82395789435748
-1.91406467893494
-3.50854058122305
-2.64004116055479
-2.56984919009742
-2.71927276233574
-4.24106480770408
-4.2548657972944
-4.2548657972944
-4.2548657972944
-4.2548657972944
-4.2548657972944
-4.2548657972944
-4.2548657972944
-4.2548657972944
-2.56308013541066
-2.38912589186844
-2.05568507243064
-2.65464742289316
-2.95490484049056
-3.07720986353471
-2.46248954363787
-2.44502589818626
-2.76022840818969
-3.61451334179328
-3.38748595092229
-3.38748595092229
-3.38748595092229
-3.48528236545133
-3.80312071267071
-3.25700559415435
-3.16619463780595
-3.1592091796253
-3.1592091796253
-3.1592091796253
-3.1592091796253
-3.1592091796253
-3.1592091796253
-3.1592091796253
-3.29952151176573
-3.39735766824535
-3.39735766824535
-3.39735766824535
-3.39735766824535
-3.39735766824535
-3.39735766824535
-3.39735766824535
-3.39735766824535
-3.39737044814138
-3.1530535538303
-3.1170050886096
-3.24972879404187
-3.48374164309351
-3.48024891400318
-3.70674674253685
-3.68579036799491
-3.68579036799491
-3.68579036799491
-3.68579036799491
-3.68579036799491
-3.68579036799491
-3.68579036799491
-3.68579036799491
-3.68579036799491
-3.68579036799491
-3.68579036799491
-3.68579036799491
-3.71023947162717
-3.24076544103519
-3.17091085922873
-3.09756354833195
-3.09756354833195
-3.09756354833195
-3.09756354833195
-3.09756354833195
-3.03860709508472
-3.01271407221151
-3.49951866938926
-3.49951866938926
-3.47471910086465
-2.43594835474993
-1.3407289578187
-1.58863510453064
-1.5539158474361
-1.11625941313413
-2.05314410110939
-3.19840974829012
-2.61334876436668
-2.71210616172108
-4.2548657972944
-4.2548657972944
-4.2548657972944
-4.2548657972944
-4.2548657972944
-4.2548657972944
-4.2548657972944
-4.2548657972944
-4.2548657972944
-2.73945460964257
-2.36945695554854
-1.8249677955211
-1.39256594353471
-2.25831608286062
-2.78825541302345
-3.04795919486966
-2.55330049998627
-2.44502589818626
-2.827769611439
-3.45803027752066
-2.88060822076339
-2.86651282626811
-3.39447140910293
-3.65293336178683
-3.22557103234144
-3.1592091796253
-3.1592091796253
-3.1592091796253
-3.1592091796253
-3.1592091796253
-3.02439786552291
-2.98200606084009
-3.08107441029133
-3.10703013925331
-3.30200727031931
-3.39735766824535
-3.39735766824535
-3.39735766824535
-3.39735766824535
-3.39735766824535
-3.39735766824535
-3.39735766824535
-3.39735766824535
-3.34907471687983
-3.12000576842544
-3.10076418375529
-3.17056193384715
-3.14391570310638
-3.22297335036023
-3.70652386916046
-3.68579036799491
-3.68579036799491
-3.68579036799491
-3.68579036799491
-3.68579036799491
-3.68579036799491
-3.68579036799491
-3.68579036799491
-3.68579036799491
-3.68579036799491
-3.68579036799491
-3.68579036799491
-3.68579036799491
-3.69626855526588
-3.17789631740937
-3.06604132580122
-2.58997833137683
-2.13297786018632
-3.09756354833195
-3.08968336634118
-2.98747863619304
-2.51671543538681
-3.36517886738006
-3.47004066864457
-3.42254936049403
-3.49823687517976
-2.51453513431925
-1.46310064056533
-2.76746856397651
-1.51622029044039
-1.62883598065794
-1.64569198604287
-4.18512007106814
-4.20460813102414
-3.64342756962957
-4.2548657972944
-4.2548657972944
-4.2548657972944
-4.2548657972944
-4.2548657972944
-4.2548657972944
-4.2548657972944
-4.2548657972944
-4.2548657972944
-2.79899538597977
-2.3763806387081
-2.50356519494451
-1.50083988639182
-1.94989253462639
-2.58381128950335
-2.71549829879767
-2.99162624500833
-2.89264861362949
-2.97766010677281
-2.89177693804012
-2.72522471603644
-1.77806935096048
-3.09867941735931
-3.31383752946199
-3.08407214001507
-3.28844015596725
-3.18715101234789
-3.1592091796253
-3.1592091796253
-3.1592091796253
-3.13567462835861
-2.93491740970423
-2.93559049985729
-2.93559049985729
-3.14544529576745
-3.36681459344457
-3.39735766824535
-3.39735766824535
-3.39735766824535
-3.39735766824535
-3.39735766824535
-3.39735766824535
-3.39735766824535
-3.39735766824535
-3.39735766824535
-3.08971656862226
-2.30096906918408
-2.21297343237144
-2.52732821818387
-3.1170050886096
-3.64375710279958
-3.68579036799491
-3.68579036799491
-3.68579036799491
-3.68579036799491
-3.68579036799491
-3.68579036799491
-3.68579036799491
-3.68579036799491
-3.68579036799491
-3.68579036799491
-3.5580811823126
-2.26606958858828
-3.52061607210213
-3.46227341085115
-3.43592002318621
-2.95836414858173
-1.69891775372594
-0.908622069295677
-1.82089481299074
-1.08071562041184
-2.70196540557861
-2.68305930777751
-2.47328235948679
-2.82285438900497
-3.44520138324006
-3.3932335778097
-3.39393199804457
-3.40218924324884
-3.24138709216668
-2.87183039259628
-3.30072083730619
-1.76435057955807
-2.1202498231753
-2.50355125269483
-4.2548657972944
-4.2548657972944
-4.2548657972944
-4.2548657972944
-4.2548657972944
-4.2548657972944
-4.2548657972944
-4.2548657972944
-4.2548657972944
-4.2548657972944
-4.2548657972944
-4.2548657972944
-2.67342594648727
-2.04690456799467
-1.85622401912391
-2.35078170498484
-2.6316146993582
-2.63157792813293
-2.63167280062992
-2.7169270217327
-2.79048779442076
-2.79048779442076
-2.79048779442076
-2.39389511221791
-1.46942555004234
-1.43642908422906
-1.96788349739499
-3.29712861452477
-3.25700559415435
-3.1592091796253
-3.1592091796253
-3.1592091796253
-3.04627614528859
-2.93559049985729
-2.93952323753527
-2.94719079295748
-3.30962510715877
-3.39735766824535
-3.39735766824535
-3.39735766824535
-3.39735766824535
-3.39735766824535
-3.40665950081813
-3.46847284205928
-3.26413141134022
-3.33612874398823
-3.35752977591139
-2.6353724358853
-2.40438774005745
-2.48861176299233
-2.77062912319901
-3.0563877988834
-3.48674191090895
-3.48296430981331
-3.68579036799491
-3.68579036799491
-3.68579036799491
-3.68579036799491
-3.68579036799491
-3.68579036799491
-3.68579036799491
-3.68579036799491
-3.68579036799491
-2.50037933434928
-1.15114652311268
-2.81832442278724
-3.27525448503135
-3.34860179592813
-3.43242729409588
-4.39942999577079
-2.23419536112426
-1.74093550385552
-1.52185783934509
-1.75489290648741
-0.831679750956362
-2.16323998364297
-2.39645689923116
-2.41061495238911
-3.12398847197707
-3.39393199804457
-3.39393199804457
-3.39393199804457
-3.38613203053272
-3.38289761601589
-3.38289761601589
-3.31781948493962
-2.85505569535321
-2.30186050962594
-2.79408989211992
-4.2548657972944
-4.2548657972944
-4.2548657972944
-4.2548657972944
-4.2548657972944
-4.2548657972944
-4.2548657972944
-4.2548657972944
-4.2548657972944
-4.2548657972944
-4.2548657972944
-4.0326335743203
-1.56410610956851
-1.43943366274893
-0.999775257817094
-2.04715768853723
-2.300298217172
-1.81997933335747
-1.8962367644295
-2.08208450931544
-2.25693156991882
-2.39570036405651
-2.18083604285258
-1.95768228429038
-1.47513343801097
-0.881408233221243
-1.58193030344342
-3.29193288505758
-3.1731800959866
-3.1592091796253
-3.1592091796253
-2.95884548628322
-2.93565033486782
-3.16095384355836
-3.33628640875945
-3.39735766824535
-3.39735766824535
-3.39735766824535
-3.39735766824535
-3.4444121270765
-3.51337435801092
-3.51598922224056
-3.51368702732378
-2.82962102838091
-2.81710884902727
-3.33967531687828
-2.73057061223161
-2.73057061223161
-2.73057061223161
-2.73057061223161
-2.76364277110158
-3.01887408910832
-2.93116341321706
-3.68579036799491
-3.68579036799491
-3.68579036799491
-3.68579036799491
-3.68579036799491
-3.68579036799491
-3.68579036799491
-3.68579036799491
-3.68579036799491
-3.55314141711573
-2.53732144575292
-3.27525448503135
-3.27525448503135
-3.27525448503135
-3.32065996320555
-3.4359200231862
-4.43608791287158
-3.8584959613176
-2.13999725766068
-1.72852173374146
-1.7179045108635
-1.55330445025025
-2.26066087540222
-2.32324330675723
-2.23409836253017
-1.83308546561627
-2.58023868091298
-3.38125961002541
-3.39393199804457
-3.393041501944
-3.3809787117435
-3.38289761601589
-3.38289761601589
-3.38289761601589
-3.38289761601589
-3.30445675944051
-3.74935879492525
-4.2548657972944
-4.2548657972944
-4.2548657972944
-4.2548657972944
-4.2548657972944
-4.2548657972944
-4.2548657972944
-4.2548657972944
-4.2548657972944
-4.2548657972944
-4.2548657972944
-3.06212437163684
-0.855750442159079
-0.849884649629006
-1.04273092271396
-1.80447494500862
-2.04847563535589
-1.63421746680216
-1.42172658547977
-1.46624778782128
-1.4923374196306
-1.57426668674937
-1.88192473591775
-1.90686947124199
-1.78088662429479
-1.76720026253028
-2.46712508468865
-3.17185925457124
-3.28773568970191
-3.26049832324467
-3.17667282507692
-3.1592091796253
-3.03164433453666
-3.0806202694223
-3.39735766824535
-3.39735766824535
-3.39735766824535
-3.39735766824535
-3.39735766824535
-3.41598851196589
-3.48053197228564
-3.52688326858771
-3.52688326858771
-3.52688326858771
-3.47675930282804
-2.73696891444326
-2.73057061223161
-2.73057061223161
-2.73057061223161
-2.73057061223161
-2.73057061223161
-2.80348749827167
-3.46446404225116
-3.43185635023725
-3.63062584930479
-3.68579036799491
-3.68579036799491
-3.68579036799491
-3.68579036799491
-3.68579036799491
-3.68579036799491
-3.6772888257813
-3.55396887010818
-3.39709098174788
-3.31489164407061
-3.27525448503135
-3.27525448503135
-3.27525448503135
-3.27525448503135
-3.34860179592813
-3.4044854613733
-3.35558725410878
-3.4359200231862
-4.41163880923932
-4.3627406019748
-4.38718970560706
-4.33130604016189
-3.34939617049332
-2.15280096300205
-1.61818003752786
-1.47423865127024
-1.40568551446366
-2.20157595921491
-2.24920349898889
-2.11995668500474
-1.76271379934521
-1.77957010282526
-2.29582240904879
-3.17150658366543
-2.82665843400452
-3.37881553973407
-3.38289761601589
-3.38289761601589
-3.38289761601589
-3.38289761601589
-3.46489965175045
-4.20809544967217
-4.2548657972944
-4.2548657972944
-4.2548657972944
-4.2548657972944
-4.2548657972944
-4.2548657972944
-4.20410520066834
-4.15063940303428
-4.2548657972944
-4.2548657972944
-4.24962323721824
-1.95913154714523
-1.02474957140573
-0.781322913784962
-1.35981351515249
-1.77202992972575
-1.90892230741224
-2.28329075004705
-2.03669123910937
-1.45829554974497
-1.653660749562
-2.10465867582512
-2.14164790776477
-2.48962319551899
-2.57463128072345
-2.6678567609688
-2.82163047825679
-2.86511546977284
-3.27027204425029
-3.29193288505757
-3.32328342888313
-3.02739511756119
-3.38985276834275
-3.39735766824535
-3.39735766824535
-3.39735766824535
-3.40330455432524
-3.51944459746568
-3.52688326858771
-3.52688326858771
-3.52688326858771
-3.52688326858771
-3.48474359105193
-2.73310528930725
-2.73057061223161
-2.73057061223161
-2.73057061223161
-2.73057061223161
-2.73057061223161
-3.24157011298318
-3.50514891194857
-3.50514891194857
-3.51305328125979
-3.56314530594269
-3.68579036799491
-3.68579036799491
-3.68579036799491
-3.67816283587263
-3.55585979703319
-3.33644479178326
-3.04122598453682
-2.57095397562323
-3.03023041043995
-3.27525448503135
-3.27525448503135
-3.27525448503135
-3.27525448503135
-3.27525448503135
-3.27525448503135
-3.27525448503135
-3.39051454501201
-4.47800066195545
-4.33130604016189
-4.33130604016189
-4.33130604016189
-4.33130604016189
-2.96907957391399
-2.2104217473282
-2.11094384895963
-1.47603368013497
-1.51422963946159
-1.93362158491615
-1.93640945859908
-1.78034969793725
-1.62613973372048
-1.80252334721828
-1.87769600329187
-1.92948208981731
-2.10692534564123
-3.46633957130153
-3.54968421684219
-3.46587134931533
-3.48351427428768
-3.38440634822826
-3.99661441282197
-4.11655845198765
-4.14397087630907
-3.96583822936554
-3.92396760338407
-3.92051655362559
-3.9511957646777
-3.84137043208046
-3.74283555947006
-3.68633833294787
-3.73975775517138
-3.75140006096883
-3.52174323361052
-2.45803565023007
-1.21361938778316
-0.8166802760985
-1.58742724911501
-1.97503377488189
-2.25504149087721
-2.29393703372995
-2.85691630070502
-2.4055076572969
-2.71365268808715
-2.12825108578391
-2.24777991897372
-2.57463128072345
-2.57922858207218
-2.85057769761789
-2.86162274068251
-2.95941915521156
-3.4356581526605
-3.29797566809082
-3.39733766521539
-3.39735766824535
-3.39735766824535
-3.39735766824535
-3.40049525748728
-3.52638826665009
-3.52688326858771
-3.52688326858771
-3.52688326858771
-3.52688326858771
-3.49031401164812
-2.99245618973647
-2.7339191585434
-2.73057061223161
-2.73057061223161
-2.75867261127615
-2.81603384470616
-3.49406202026071
-3.50514891194857
-3.50514891194857
-3.50514891194857
-3.58535938473304
-3.68579036799491
-3.68579036799491
-3.68579036799491
-3.2899110345466
-2.61206939873667
-2.27788481764236
-2.05160520397489
-1.9251382782758
-1.86453282340772
-2.92810511760038
-3.08317987973042
-2.92854914325536
-2.91498687159995
-3.03644956334735
-3.25905730348778
-3.19032469430081
-3.1926664251413
-2.57548508540339
-3.21084081575394
-4.33130604016189
-4.33130604016189
-4.33130604016189
-4.33130604016189
-2.50305576897227
-1.90865684062214
-1.80248076224366
-1.05291152782965
-1.43174285327326
-1.83126817392927
-1.42213637772012
-1.32780303481314
-2.29902361089845
-2.77266902083233
-2.34600543970688
-2.09570516949359
-2.09933881078553
-3.0278477225652
-3.86303205993725
-3.88040568892102
-3.88040568892102
-3.81147227223247
-3.95740963243689
-3.88040568892102
-3.88040568892102
-3.70985127396647
-3.65307446539298
-3.65307446539298
-3.65307446539298
-3.65307446539298
-3.65307446539298
-3.65307446539298
-3.65307446539298
-3.64482545768229
-3.10843832771508
-2.99850635083577
-2.72319174373394
-2.0500568282552
-2.33394580414763
-2.42703283697219
-2.96788493556391
-2.9739185049571
-3.29881137045421
-3.30879626643361
-3.30394248552394
-2.3987642661037
-2.34453357986442
-2.57463128072345
-2.67032185066496
-2.86161006935442
-2.87210092795348
-3.19343200426319
-3.4357776882389
-3.39735766824535
-3.39735766824535
-3.39735766824535
-3.39735766824535
-3.39735766824535
-3.39735766824535
-3.48934279070052
-3.52688326858771
-3.52688326858771
-3.52688326858771
-3.52688326858771
-3.52308252853524
-3.50584644996784
-3.39791848057023
-3.21362773294809
-3.10079375551064
-3.46933702893895
-3.41700271320742
-3.50514891194857
-3.50514891194857
-3.50514891194857
-3.50514891194857
-3.57552582483946
-3.46179378389712
-3.44115992768349
-3.68579036799491
-2.57551687532958
-1.80311338973025
-1.87857932867514
-2.04816367328318
-1.96093971209973
-1.99475015598529
-2.82765276156092
-2.8297934657841
-2.8297934657841
-2.8297934657841
-2.8297934657841
-2.76912479150276
-3.03146989494817
-1.91263428291981
-1.93677392157075
-2.52704603073612
-3.37795548763365
-4.33130604016189
-4.33130604016189
-4.29027867454758
-2.24432363978008
-1.85342771516714
-1.23492854672043
-0.6172932647739
-1.19647159099672
-1.64106548303843
-1.6712218633818
-1.76587728191247
-2.77595010054781
-3.25371124201146
-3.20002847337625
-2.41113314145765
-2.02836564666414
-1.56087529668541
-1.88448568419018
-3.70776009435516
-3.88040568892102
-3.88040568892102
-3.88040568892102
-3.88040568892102
-3.87294540838867
-3.66366946333732
-3.65307446539298
-3.65307446539298
-3.65307446539298
-3.65307446539298
-3.65307446539298
-3.65307446539298
-3.65307446539298
-3.41391832637472
-2.99850635083577
-2.99850635083577
-2.99850635083577
-2.99850635083577
-2.99850635083577
-2.99850635083577
-3.29128267277154
-3.30879626643361
-3.27281774422664
-3.30879626643361
-3.30879626643361
-3.25401831470923
-2.83895825507586
-2.6880279354214
-2.86133561208251
-2.86162274068251
-3.07467921519221
-3.40434312642599
-3.39735766824535
-3.39735766824535
-3.39735766824535
-3.39735766824535
-3.39735766824535
-3.41400719347448
-3.46802830658202
-3.44798048612603
-3.52608239858833
-3.52688326858771
-3.52233986621288
-3.50514891194857
-3.50514891194857
-3.50514891194857
-3.50514891194857
-3.50514891194857
-3.50514891194857
-3.50514891194857
-3.50514891194857
-3.50514891194857
-3.48789027121582
-3.13312367977741
-3.07468754533614
-3.26820821523657
-3.68579036799491
-3.38222457111862
-2.15158112749337
-2.22532235671276
-2.148712326723
-2.16939924174053
-2.26642236601259
-2.72811268758325
-2.8297934657841
-2.8297934657841
-2.8297934657841
-2.81693038177511
-2.69794130277606
-2.65775099247592
-2.18922756193981
-2.28974738146354
-2.90723992497122
-3.30936031181321
-4.29190461083689
-4.33130604016189
-4.01566801145131
-2.32323827466462
-2.07921278047665
-1.36792947578782
-0.791886066742556
-0.992491395212327
-1.68451838049543
-1.93367238437892
-2.44899981842599
-2.95884741462053
-3.13742991220624
-3.08696993809492
-2.06902183028604
-1.95183707426588
-1.39355581885268
-1.26395231695308
-1.99158627993438
-3.39573321624508
-3.88040568892102
-3.88040568892102
-3.88040568892102
-3.82346541649343
-3.65307446539298
-3.65307446539298
-3.65307446539298
-3.65307446539298
-3.65307446539298
-3.65307446539298
-3.65307446539298
-3.65307446539298
-3.19147166431122
-2.99850635083577
-2.99850635083577
-2.99850635083577
-2.99850635083577
-2.99850635083577
-2.99850635083577
-3.25395124295246
-3.30879626643361
-2.93537764248411
-3.14097042863222
-2.86648025256457
-2.81541338394226
-2.99989550779034
-3.12223257043229
-3.06200403575457
-2.90894877975429
-3.14111794646105
-3.36118720278845
-3.42405632641426
-3.41831404278729
-3.39735766824535
-3.41906381330943
-3.4828906546653
-3.48051915527213
-3.4572848722189
-3.27387860717436
-3.11280764180106
-2.97237320068523
-2.97065706622678
-3.49782421957162
-3.52688326858771
-3.52306696002001
-3.50775093781175
-3.50514891194857
-3.50514891194857
-3.50514891194857
-3.50514891194857
-3.50514891194857
-3.50514891194857
-3.50514891194857
-3.49940348049476
-3.23791632530851
-3.06736392438887
-3.06736392438887
-3.13797481321133
-3.63030016945333
-3.68579036799491
-3.35159995145746
-2.4325413942191
-2.65533438300608
-2.6465168983011
-2.64493873976731
-2.66096665707842
-2.82813746513438
-2.8297934657841
-2.8297934657841
-2.76676146564555
-2.70895213868465
-2.70198170523307
-2.53462454679456
-2.04079900043017
-2.73601770248817
-3.08481691388998
-4.31190408348269
-4.33130604016189
-3.62938818515297
-2.3653706835052
-2.3653706835052
-1.56712065466034
-1.04593503505998
-1.18355224898073
-1.45669340781169
-1.36007548427076
-2.39132214525698
-2.49613173248167
-2.92916748802824
-3.00683149575415
-2.66384817636333
-2.01261262537143
-1.64543428089561
-1.97810715751611
-1.8646433559498
-1.67833960888349
-3.33039177320989
-3.88040568892102
-3.88040568892102
-3.76493614555187
-3.65307446539298
-3.65307446539298
-3.65307446539298
-3.65307446539298
-3.65307446539298
-3.65307446539298
-3.65307446539298
-3.65307446539298
-3.136875055871
-2.99850635083577
-2.99850635083577
-2.99850635083577
-2.99850635083577
-2.99850635083577
-3.10512965281801
-3.28283337402246
-3.28868572378596
-2.77246116990556
-2.78614803697738
-2.81370744738748
-2.72506029926009
-2.72506029926009
-3.08851578376647
-3.30879626643361
-3.30879626643361
-3.30879626643361
-3.30879626643361
-3.399607222782
-3.43927041732922
-3.40085039733567
-3.39735766824535
-3.44325947650965
-3.51374825932892
-3.51374825932892
-3.51374825932892
-3.42930535341513
-3.00830256229363
-2.95636103687991
-2.97903140758546
-3.52688326858771
-3.52688326858771
-3.52688326858771
-3.51764377537979
-3.50514891194857
-3.50514891194857
-3.50514891194857
-3.50514891194857
-3.50514891194857
-3.50514891194857
-3.50514891194857
-3.26247768082388
-3.06736392438887
-2.98062254939567
-3.06736392438887
-3.06736392438887
-3.43871818207731
-3.68579036799491
-2.97501907322639
-2.66349671463733
-2.64811473253281
-2.14935220866195
-2.58216230938155
-2.60958133786832
-2.52780572716699
-2.55250337766102
-2.77068442690783
-2.72321548810346
-2.71007681985025
-2.67276648697618
-2.62977630158395
-2.97883611633119
-2.99854322722235
-3.28111360255809
-4.29049600920508
-4.20005063821097
-2.39035805185077
-2.3653706835052
-2.3653706835052
-1.53194347925931
-1.1451306327234
-1.40873602601981
-1.39234979285353
-1.04734671389226
-1.06238575350468
-1.90911257726109
-2.12293689053164
-2.38022003551839
-2.62582929625222
-1.62260948727541
-1.36131248659386
-1.58454924452797
-2.01190313299822
-2.24679055547889
-3.83834107779303
-3.88040568892102
-3.88002382255995
-3.69157068381448
-3.65307446539298
-3.65307446539298
-3.65307446539298
-3.65307446539298
-3.65307446539298
-3.65307446539298
-3.65307446539298
-3.65307446539298
-3.19881568772823
-2.99850635083577
-2.91737378240457
-2.72621291555459
-2.79089378150422
-2.98697322562727
-3.12506196800911
-3.30879626643361
-3.30744347248165
-3.08491903006122
-2.8040961639392
-2.7323357826379
-2.73314626319622
-2.90454945056153
-3.25810832340515
-3.30879626643361
-3.30879626643361
-3.30879626643361
-3.30879626643361
-3.40659268096265
-3.4357776882389
-3.39735766824535
-3.4307054165771
-3.49788754387543
-3.51374825932892
-3.51374825932892
-3.51374825932892
-3.50612619301159
-3.0179932946732
-2.95636103687991
-2.95957058257536
-3.28383187690894
-3.52688326858771
-3.52688326858771
-3.5443140137319
-3.56254235217117
-3.50872714116326
-3.50514891194857
-3.50514891194857
-3.50514891194857
-3.50514891194857
-3.46945455114571
-3.17033565995529
-3.0059379157672
-2.11274138632823
-2.57342364212674
-2.97932435778784
-3.38142276835969
-3.44040684291626
-2.71245226895803
-2.66349671463733
-2.66765026067228
-1.73130842297993
-2.01842075040658
-2.14098756449388
-2.06976955324299
-2.11296363767032
-2.69153823493131
-2.70149610614736
-2.70210801150516
-2.48093001713439
-2.09458814134605
-4.15873250393459
-3.25329952405115
-3.43833568374755
-3.18514210899584
-1.96450808614918
-0.18584966088111
-0.852086751864228
-1.34421406379021
-1.23174313004544
-1.18093335765752
-1.43000750257337
-1.38034116989765
-1.20759072795607
-1.77529037170346
-1.8379237206556
-1.19384120003934
-1.24702580132938
-1.96172425592876
-2.20803197573199
-2.15463473483322
-1.62565787839364
-1.7941702939117
-2.58409842576462
-3.38217509864023
-3.32834506462415
-3.33632506513105
-3.65307446539298
-3.65307446539298
-3.65307446539298
-3.65307446539298
-3.65307446539298
-3.65307446539298
-3.65307446539298
-3.01754067015975
-2.82004387756368
-2.85562394613775
-2.77359158569944
-2.67598089954699
-2.34990782147815
-2.24347865445825
-2.64379656009009
-2.79032657228348
-3.06422627007511
-3.17064335862487
-2.93054531873915
-2.81655822780716
-2.73780030323301
-3.09222790556661
-3.39808428722148
-3.39494200750376
-3.39480856609373
-3.3683151179238
-3.19480883182193
-3.20549713694783
-3.25580476975476
-3.41831404278729
-3.44689593022334
-3.51316343302547
-3.51374825932892
-3.51374825932892
-3.51374825932892
-3.51374825932892
-3.1052107370388
-2.83735235531515
-2.95249166802
-2.95636103687991
-3.00838196123065
-3.39896803210438
-3.48235059394342
-3.63186854690493
-3.65747036680639
-3.61768644015339
-3.50901100835498
-3.50514891194857
-3.50514891194857
-3.50438573796479
-2.50012381225356
-2.24476085879886
-2.35006065632519
-2.0873586069926
-2.3573500549556
-2.32711090841385
-3.39287275149305
-3.39287275149305
-2.93152620512167
-2.92556744150275
-3.03148857125001
-2.02425447056419
-2.06425539993879
-2.14586963939538
-2.68347783778076
-2.494571145421
-2.70199750170194
-2.70199750170194
-2.59769504917567
-1.79130617897192
-1.7553783084611
-2.8887181987625
-4.34178422743286
-4.29630197950453
-2.71789216082575
-1.68651431722979
0.00814689330943819
0.674024327338354
-0.342505126455811
-0.617474735862413
-1.01888287771477
-1.58187727209459
-1.73216280992985
-1.46166338197332
-1.63512128564061
-2.7753246065262
-2.2987299284861
-1.32529034539776
-1.54664394179274
-2.41745079540399
-2.14717408543619
-1.70367935563612
-2.06838599342598
-2.52187491447052
-2.65992921588766
-2.70320523087031
-3.02243621291871
-3.65307446539298
-3.65307446539298
-3.65307446539298
-3.65307446539298
-3.65307446539298
-3.65307446539298
-3.65307446539298
-3.33076859287203
-2.37103080348472
-2.49917385036495
-2.20897033392766
-2.44747136144483
-2.29727889151278
-2.22756402918038
-2.38173322046548
-2.77436242302681
-2.8355630747719
-2.85642211215114
-2.82771999128153
-2.83072648635076
-2.79822201984238
-2.51605991503217
-2.39183778596886
-3.35123939656016
-3.37519764604657
-3.20262366608546
-3.03790647416845
-3.03790647416845
-3.12522470142653
-3.48275685324899
-3.51359967032546
-3.51374825932892
-3.51374825932892
-3.51374825932892
-3.51374825932892
-3.51374825932892
-2.96962007353629
-2.76938368381857
-2.80738627938096
-2.87992844840811
-2.94833875414667
-2.95636103687991
-3.23811010180874
-3.65747036680639
-3.65747036680639
-3.65747036680639
-3.62229968721279
-3.57244309201738
-3.51109252859135
-3.25092756593138
-2.00450488307126
-1.99397063789924
-2.17818647644432
-2.31888882770942
-2.27828658502599
-2.33748439480544
-3.39287275149305
-3.39287275149305
-3.40715467334847
-3.42603812724941
-3.42032325010866
-3.24181520837793
-2.82164535483663
-2.93459533819431
-3.40465715944268
-3.10286547889446
-2.70199750170194
-2.70199753436668
-2.95369976110745
-2.6502055228086
-1.75677365106324
-2.26300591953814
-3.3594595035042
-3.53147871668968
-2.86923514240046
-1.71466818933499
-0.798277185382237
0.175250934765094
-0.626322524622685
-0.715013004585822
-1.88349974051721
-2.13866531989394
-1.98906846947957
-1.80282126979735
-2.24163437665994
-2.2784443202493
-3.51385696219098
-3.45302961177833
-3.03039250042013
-2.44129675899235
-2.42515607523353
-2.34214678819355
-2.45722585168445
-2.47071937726236
-2.43488924180827
-2.49111720717872
-2.97561298450069
-3.65307446539298
-3.65307446539298
-3.65307446539298
-3.65307446539298
-2.70047662473025
-3.29723890261882
-3.3749407974371
-2.67106648146192
-2.37103080348472
-2.30879298476128
-2.27391407550013
-2.47226038410832
-2.40849450135139
-2.2362822141554
-2.46699104319911
-2.77436242302681
-2.78490146953136
-2.8353710947083
-2.85642211215114
-2.85642211215114
-2.76436930618767
-1.93977326404251
-2.14204041939196
-3.17494134922241
-3.07391704103589
-3.13293026537528
-3.03790647416845
-3.03790647416845
-3.10776105597491
-3.56613919568377
-3.5556610084128
-3.53819736296118
-3.51374825932892
-3.51374825932892
-3.51374825932892
-3.51374825932892
-3.30535867822783
-3.03037474329223
-2.80673960518777
-2.76938368381857
-2.85832398597225
-2.94348575251661
-2.96918482127143
-3.31574039978976
-3.64192161923715
-3.65747036680639
-3.65747036680639
-3.65747036680639
-3.58487153135689
-3.0069499936937
-2.07671521280396
-1.9573433798334
-2.29736843802547
-2.20050364046135
-2.03005185651759
-2.00566268541574
-3.37949178128382
-3.39287275149305
-3.39287275149305
-3.41466548658117
-3.43659674246568
-3.42558534901179
-3.42032325010866
-3.42032325010866
-3.42032325010866
-3.36635764779801
-3.0157401209582
-2.99367557566669
-3.36767681561611
-3.09992382772401
-1.89375944719842
-2.41735020068239
-2.58959368562175
-2.57562276926046
-2.28792021794083
-1.81684164744986
-1.17081278341504
-0.070094945612294
-1.63526093975098
-1.62893145926023
-2.28807886547943
-2.26422058598237
-1.95762389091188
-2.17756364436227
-2.65922745884692
-3.07257223892573
-3.55939577143986
-3.30999779259037
-2.49982920165243
-2.47826390738868
-2.4886266297026
-2.51836164738965
-2.64381594322104
-2.69531947133475
-2.6884949611527
-2.64818969396352
-2.6935711552001
-3.24606876634526
-3.39350365047584
-3.49359904592944
-3.6034510644186
-2.29057033784555
-2.48654825653044
-3.36328865620832
-1.44789685634457
-1.60890129241811
-2.08901631092816
-3.02619516339333
-3.26043149959427
-3.13160084294351
-2.98131214252196
-2.75906841404879
-2.74254819025049
-2.53079749328137
-2.53432447633111
-2.57145045051108
-2.76919984808617
-2.85658976987829
-2.17227174074044
-2.64576146405328
-3.04793347064272
-3.08906359073454
-3.04116409773445
-3.03790647416845
-3.03790647416845
-3.08680468143297
-2.39093644940592
-2.95211872373629
-3.51374825932892
-3.51374825932892
-3.51374825932892
-3.51374825932892
-3.51374825932892
-3.51374825932892
-3.50105601926648
-3.01288637858317
-2.76938368381857
-2.83479995491556
-3.16715002259496
-2.97959580581438
-3.01091817450144
-3.38433238999396
-3.65747036680639
-3.65747036680639
-3.65747036680639
-3.65747036680639
-2.90970662395702
-1.6104458684645
-1.2966741910997
-1.39995859010993
-1.6500345723676
-1.94284791125225
-3.22941582934649
-3.39287275149305
-3.39287275149305
-3.39287275149305
-3.40376248892683
-3.4567850195999
-3.42032325010866
-3.42032325010866
-3.41748859958899
-3.40356541449501
-3.38049413933098
-3.36767681561611
-3.43054593924192
-3.47290533476174
-3.64346559858338
-3.43930565106161
-3.26019767096376
-2.8864756582992
-2.593485526536
-2.1256711679565
-1.38274279583157
-1.2530010449093
-1.9388694299254
-2.82828300517109
-2.61756183698533
-2.66159526969547
-2.65051953069487
-2.6956081892287
-2.69750925553002
-3.24417091498021
-3.58564219233148
-3.36067126557249
-2.65018439749116
-2.71305352111697
-2.51047523387824
-2.51333663512744
-2.67185349344068
-2.69531947133475
-2.46591494341117
-2.45851802821007
-2.55127310709955
-2.90263815165852
-2.97908112791975
-2.97908112791975
-2.95363152104909
-2.1574061503303
-2.15463609773228
-2.64191619396961
-2.34337048197038
-1.98762352385358
-2.31961681769709
-3.20322288831467
-3.26046241905305
-3.26046241905305
-3.02612099262842
-2.65895667135007
-2.45429534873131
-2.36252231246158
-1.30170254042773
-1.06942887704709
-1.52910566149617
-2.85642211215114
-2.85642211215114
-2.93953399596814
-3.03790647416845
-3.03790647416845
-3.03790647416845
-3.03790647416845
-3.03790647416845
-3.08331195234265
-2.56906563301239
-2.27567638942527
-2.2197927239801
-2.23027091125107
-2.17787997489623
-2.09056174763815
-1.95085258402524
-2.86040258702972
-3.51374825932892
-3.51374825932892
-3.51374825932892
-3.51374825932892
-3.51374825932892
-3.51374825932892
-3.09236057540859
-2.82688889891297
-2.99655319280572
-3.5521616508025
-3.65747036680639
-3.32116921318184
-2.95636103687991
-3.26922538309412
-3.65747036680639
-3.65747036680639
-3.65747036680639
-3.65747036680639
-3.26395965976478
-2.20069085057539
-2.13964185405681
-1.71268396951378
-1.79137201632641
-2.08372205830835
-3.3163494543289
-3.39287275149305
-3.39287275149305
-3.39287275149305
-3.39287275149305
-3.42797594576246
-3.42032325010866
-3.4100647485468
-3.3745701392691
-3.37116954470643
-3.46896595923547
-3.66455878829356
-3.82382019428556
-3.62274761232466
-3.48303844871174
-3.41318386690528
-3.37335633518513
-2.99752248771771
-3.21384885194161
-2.75761000043341
-1.63912655800935
-1.40751712501711
-2.96464249198993
-4.57437017065222
-4.20595853595128
-3.87442856897006
-3.86381701342591
-2.98758303296583
-2.70864416824353
-3.2068877858789
-3.58564219233148
-3.72110284711888
-2.92319658310548
-2.90911526800822
-3.02881235889055
-2.95448365898412
-2.86889283696581
-2.69531947133475
-2.43962139751281
-2.31158924988191
-2.00021408126851
-1.91435947222125
-2.92871150729665
-2.97908112791975
-2.59895015920046
-1.95408184513577
-1.87946227285081
-2.21116774826496
-2.3096629878273
-2.57052247824554
-2.34497694629966
-1.94222115678295
-1.98503285414244
-1.65164974097694
-1.75781655290777
-2.18797095642505
-2.28700246406368
-1.4853847202365
-1.10203365705701
-1.85959912610621
-2.09316656814216
-3.00669190906343
-2.96511460633443
-3.01531059610201
-3.03790647416845
-3.03790647416845
-3.03790647416845
-3.03790647416845
-3.03790647416845
-3.07981922325233
-2.57255836210271
-2.42586374030915
-2.10453266399945
-1.97879441674782
-2.10103993490912
-2.04166354037363
-1.95085258402524
-2.45423963417131
-3.51374825932892
-3.51374825932892
-3.51374825932892
-3.51374825932892
-3.51374825932892
-3.0305946358424
-2.64506506944526
-1.86942469991448
-2.33175912062823
-3.18594608219241
-3.65747036680639
-3.61190440994983
-3.54055979962251
-3.55617894583564
-3.65747036680639
-3.65747036680639
-3.65747036680639
-3.65747036680639
-3.65747036680639
-3.34730618594681
-2.73110910853034
-2.12843849174631
-2.12694950209032
-2.12694950209032
-3.26127342795002
-3.39287275149305
-3.39287275149305
-3.39287275149305
-3.39636548058337
-3.45224914602854
-3.59052649867498
-3.58596823212793
-3.44674867308988
-2.78448212938743
-2.42249919912305
-3.05507018126306
-3.2944310778343
-3.28395289056333
-3.28395289056333
-3.03591374342805
-2.86711606967284
-2.65552876742476
-2.94979197851204
-3.96711572722609
-1.94018292684334
-1.65727187052718
-3.8812295707978
-4.88225551068522
-4.88225551068522
-4.88225551068522
-4.88225551068522
-4.30879621067786
-3.53953167958303
-3.7113804395831
-3.53499462803958
-2.14503519655591
-1.87782388271413
-2.63068528611773
-2.67859514804691
-2.8648972060944
-3.36324816583558
-2.76190361096165
-2.46467566291401
-2.33171879906274
-2.26126962874513
-1.59814285902176
-2.07876017198692
-2.9596912478244
-2.19669714283727
-1.96666522929733
-1.82434170952621
-2.26445204884934
-2.50996791981248
-2.56445111109175
-2.1520743007731
-1.89387841895376
-1.34569473673454
-1.23556128203804
-1.40355686850871
-1.10738609558969
-1.16212872999853
-1.15998531384163
-0.951591049640816
-2.0232203459753
-2.74078634283301
-3.05351475752792
-3.0143392125449
-2.78744814808738
-2.84395593537939
-3.03798527737323
-2.93936094484225
-3.03790647416845
-3.03790647416845
-3.05537011962007
-2.57255836210272
-2.52016742574787
-1.977758498886
-2.57085324936695
-2.95916530747725
-3.4359750698369
-3.51374825932892
-3.51374825932892
-3.51374825932892
-2.39133633421242
-1.70818523359125
-1.15448776242334
-1.96017119338139
-3.40605012528269
-3.23778183030057
-2.86971961901178
-2.58909281974037
-2.54507685347105
-3.00277610547749
-2.97668699508287
-3.65610366857872
-3.64952687370984
-3.65747036680639
-3.65747036680639
-3.65747036680639
-3.24222889053702
-2.88812423652654
-3.28646847555823
-3.40516510010554
-3.39287275149305
-3.39287275149305
-3.43368900621571
-3.09151598156737
-2.73381688849704
-2.64649866123897
-2.41529582400939
-2.3052971843484
-2.08661981557092
-1.8181532695372
-1.82053358347075
-2.28304212681983
-3.24988830159002
-3.27667512063111
-2.59270865653541
-2.58663241526241
-2.67165772751852
-3.48511896296393
-3.66804347253686
-3.83797725575532
-3.31973208418189
-4.85268279961188
-4.88225551068522
-4.88225551068522
-4.88225551068522
-4.84614265069567
-3.44242331534161
-3.2706494195504
-3.34748945953751
-2.36961233947656
-1.33159688290297
-2.04648292877061
-2.11909766634224
-2.59844502654764
-3.11150049840409
-3.02193382588874
-2.62803058185797
-2.41808353854072
-2.44193844290921
-2.47851546223069
-2.11779877641953
-2.68135325932318
-2.67686926778299
-2.32633224316147
-2.25801520595454
-2.32125417257424
-2.48167162993538
-2.5519257722015
-2.48520876750383
-1.67206098461337
-1.57048633584766
-1.12617924370342
-1.28823152867735
-1.55310978893083
-1.1602786194788
-1.15654030035146
-1.08590554637276
-2.05613802070587
-2.13652049445696
-2.52423821558525
-2.9838618090132
-2.53044605653655
-1.68575736028117
-2.23102390628486
-2.30973238913086
-1.92606686098198
-3.03790647416845
-3.03790647416845
-3.05886284871039
-3.17412290869105
-2.56557290392207
-2.22649101347913
-2.54246038581152
-2.54696939426715
-3.12638421605746
-3.51374825932892
-3.51374825932892
-3.03702261796039
-2.30710176547807
-2.22315963865399
-2.40296388784961
-2.46489692645179
-2.41479857078202
-2.33772761868342
-2.32333277705248
-2.47557881281384
-2.3640083902973
-1.71256317967427
-2.28252005968034
-3.00033851639186
-3.52807751437144
-3.65747036680639
-3.65747036680639
-3.65952024114487
-3.51660236631299
-3.48516780450009
-3.49564599177106
-3.50497240029242
-3.41732185512531
-3.4002898654037
-2.66483966372576
-2.2080597780396
-2.18751089353806
-2.47643826926377
-2.3870404704761
-2.3052971843484
-2.27860887160429
-1.73338234360875
-1.31849628236578
-1.17042578043264
-2.3598521011114
-1.84630020513333
-1.21545394502254
-1.29857964460905
-2.5177282145276
-3.66455074344653
-3.66455074344653
-3.66455074344653
-3.70871978791601
-4.28093881940253
-4.94569330489765
-4.92766098885942
-4.95186654925387
-2.20283987267671
-2.06512656713302
-2.45281623975254
-3.0392171275439
-2.41346204377255
-0.978778079996515
-1.37389334626371
-1.62084803653617
-1.97400032539368
-3.14931366904961
-3.26903020475244
-2.72195096939881
-2.41808353854072
-2.43414993189532
-2.50873289548632
-2.52469650709189
-2.52469650709189
-2.36181508957394
-2.32883487722099
-2.03965767578836
-2.69762115466889
-2.71625194131149
-2.66022589869339
-2.46514061942261
-2.47029575688084
-2.13301969358581
-1.53082652037393
-1.77155794994082
-1.6605060630241
-1.41701337838066
-1.25190648759171
-1.90673367321539
-2.08659092697408
-2.30925210888217
-2.51042957715102
-2.76444830272847
-2.08143748192774
-0.999737356954522
-2.05705619287624
-2.21453825451647
-1.88447011660633
-3.03790647416845
-3.03790647416845
-3.13919561778782
-2.71112766151232
-2.55744758153812
-2.54696939426715
-2.54696939426715
-2.70598070979615
-3.51356606149998
-3.51374825932892
-3.36754459302077
-3.23601010914451
-3.29656575436751
-3.50816285854938
-3.11538934999826
-2.38437332070985
-2.37036851981762
-2.13694604474197
-2.30513908429409
-2.50291328211452
-1.95661663673516
-2.12133537693493
-2.74461495802093
-3.09187790284596
-3.65747036680639
-3.66445582498703
-3.59693513539042
-3.48516780450009
-3.48516780450009
-3.48516780450009
-3.50961690813235
-3.62836969720333
-2.75483340066104
-2.03663316759091
-1.63977692237507
-1.99159947468277
-2.54621792421202
-2.1904337612715
-1.87575148513084
-1.74677198064227
-0.655101159917557
-0.15352520876631
-0.991214154740294
-2.00349622181417
-0.944127673916302
-0.940494629790189
-1.05425523434279
-3.34307773743734
-3.66455074344653
-3.66455074344653
-3.66455074344653
-3.59984524866617
-3.53304940427838
-3.62036763153646
-3.66009984559068
-3.10108208844948
-2.46994637051136
-1.83669970871482
-1.42126689057906
-1.73664745885129
-1.08510417914375
-0.723137209986187
-0.833013239638051
-1.43355069231588
-2.44085940336757
-3.15371531180273
-3.27945355905436
-2.7507555191227
-2.40650958837893
-2.02412769829888
-1.38832921012557
-2.00434890307031
-2.42113965282232
-1.94959600127438
-2.11540212331467
-1.67060903659756
-2.42921044349077
-2.73489543332398
-2.72373893793617
-2.80945630459169
-3.21061215857712
-3.21061215857712
-2.96805321599823
-2.76713362787784
-2.66388375289598
-2.01248423181869
-1.15953975592423
-1.65715662037738
-1.50706277013371
-1.4503438635783
-1.92989305068609
-2.34982710915476
-1.48243779925621
-0.666810347276251
-0.540328781222219
-1.29516375693717
-1.2533031507193
-2.81075596058295
-3.11474651415556
-2.68318582878974
-2.55046212335747
-2.54696939426715
-2.54696939426715
-2.77353198493766
-3.51374825932892
-3.51374825932892
-3.51374825932892
-3.51374825932892
-3.51374825932892
-3.51374825932892
-2.97221578987924
-2.38437332070985
-2.38437332070985
-1.98745618650837
-2.13400270785816
-2.74461495802093
-2.74461495802093
-2.74461495802093
-2.75825756610633
-3.49166487220688
-3.65747036680639
-3.67852561680786
-3.57945717123778
-3.48516780450009
-3.42942988966497
-3.03149151029987
-3.29392550441618
-3.48516780450009
-2.67123994395102
-2.07667798944047
-1.95876788876439
-1.89843509996314
-2.19501598771687
-1.90866931873586
-1.73462009303416
-1.41891987819636
-1.01201625699322
-0.61216999548736
-1.42499252566763
-1.75835581695533
-1.18718341064062
-0.286561935083197
-1.11298211575102
-3.21760746607377
-3.5764162309566
-3.6119690112374
-3.61338178368189
-3.56002977746343
-2.92400264170005
-2.76983581315379
-2.69437386903925
-2.60947903803754
-2.57493687969
-2.11123367896367
-1.45249701724695
-1.07041378771576
-0.395693406012457
-0.510391611390042
-1.0950640762744
-1.82163542252517
-2.4162486769918
-2.64274892901037
-3.1494729739371
-2.8705105849079
-2.32683954720354
-2.06549032501758
-1.65036883607799
-1.37698640765203
-1.60508818478087
-1.65712691931267
-1.58330360762186
-1.62765772183674
-2.21375929786959
-2.43527402806632
-2.65247030736614
-2.96844451701826
-3.20143673740117
-3.19733710073487
-3.18186247295933
-3.17900229567057
-2.84922017213083
-2.7057766893791
-1.94532320040552
-0.804536898979974
-0.940249998389474
-1.21447946826775
-2.09533416570825
-1.95944915339078
-1.66315292657935
-1.303749706035
-0.438505940730007
-1.18332448959919
-1.6098215811021
-3.0393656480274
-2.6622294542478
-2.56094031062844
-2.54696939426715
-2.54696939426715
-2.54696939426715
-2.5628149279613
-2.82347547928991
-3.23001096291353
-3.51393119391711
-3.51374825932892
-3.51374825932892
-3.51374825932892
-3.09283249940121
-2.79490986121079
-2.38437332070985
-2.14943383309508
-1.98781834738265
-2.56461878960215
-2.74461495802093
-2.75766693153031
-3.54683318885587
-3.66794855407735
-3.51163894722307
-3.14514006434875
-3.35412509810806
-2.807902468496
-1.56384917838337
-1.78870097784003
-3.28664490917773
-3.21969109590682
-2.13615408516134
-2.23772720550715
-2.01690537197804
-1.12920163376323
-1.51516551940979
-1.73257155962493
-1.67452053516867
-1.35736369288326
-1.24398132999144
-1.0573044079886
-0.987627189409875
-1.52194642088516
-1.80730497016453
-1.35018495894059
-1.76725727616242
-3.12130385633674
-3.13227860940584
-3.39411007931013
-3.58132777537913
-3.51120834210256
-2.2476088485495
-2.27889732385003
-2.24374703268508
-1.81700084780717
-2.2428558730065
-1.68527453793552
-1.68117570149172
-2.1927361979766
-2.38197929979747
-1.7307649190356
-1.50072870325847
-1.14333479393552
-1.00887712292002
-1.4061777636777
-2.00051334250687
-3.3403282947575
-2.44192155611996
-2.32564484681752
-2.39572693739381
-1.76546211131362
-0.992439746574672
-1.67646056196458
-0.856728367021158
-1.43752251282678
-2.08115434903291
-2.04972368011055
-2.24745009223439
-3.14057123281152
-3.13035044654761
-3.13103703983437
-3.12729784448562
-3.06155471835371
-3.02341329182984
-2.81426721152486
-3.08896819946891
-1.06634470661218
-0.516562224508686
-2.18023595465922
-2.17448489402483
-1.60438907574244
-1.65924079028578
-1.19767188024981
-0.920504630405904
-0.734640605380845
-1.61527105170545
-2.75594244022561
-3.29032999104501
-2.68318582878974
-2.55744758153812
-2.54696939426715
-2.54696939426715
-2.54696939426715
-2.54696939426715
-2.54696939426715
-2.82073976575451
-3.76314763669653
-3.52850125206272
-3.51374825932892
-3.51374825932892
-3.12709131610542
-2.69800744354068
-2.58073172135101
-2.56284285129237
-2.35446037678555
-2.09572631908209
-2.74461495802093
-2.76906406165319
-3.2480251921464
-3.11783921118544
-3.06370698341844
-3.08868927984639
-2.44414807696521
-2.17412940106725
-1.87888815196355
-1.61060443831955
-2.3054997896763
-2.39744005486541
-2.05138572442273
-1.89911523081281
-1.1466611675724
-0.708230798521144
-1.3013566459292
-1.63787141253526
-1.13612429643752
-1.29569917374638
-1.34314400896275
-1.16862056276376
-1.42237857768159
-1.81368581337368
-1.96070646728641
-1.61961792393088
-1.60917887217677
-1.69659562758004
-3.07462405082342
-3.34918704211617
-3.58132777537913
-3.40216928439658
-2.20777263577707
-2.19142999965318
-2.13077652202748
-0.707987282341905
-0.706144692262468
-1.07399238106675
-2.10173158542717
-2.79915965477417
-2.17075211958582
-1.95214069001932
-1.59818701172883
-1.29383858940307
-1.04616695735482
-1.90746194622258
-2.74782157524682
-3.7524368430601
-2.76155222047119
-2.55966921406823
-2.43641188943875
-2.18987711752713
-1.64733429690782
-1.84826353821555
-1.65209658060843
-1.97967496773621
-2.60741183325342
-2.82772431137719
-3.04369135060272
-3.14500795619567
-3.13837652806219
-3.12915617510537
-3.05001082971723
-2.92638191176703
-3.30115942852937
-3.4611064563791
-3.4213634956378
-2.27134788123524
-1.82625198588504
-2.49855658926925
-1.92373398681474
-1.44980032113431
-1.69574791945803
-1.49321743536894
-0.709379837562028
-0.667887613968622
-1.17752564948589
-2.77630304917218
-2.60983851789296
-2.54696939426715
-2.54696939426715
-2.54696939426715
-2.61090064029072
-3.36481424503516
-3.2967211644405
-3.85255056943287
-3.7775951914072
-3.56672791775574
-3.5139846327915
-2.83884339063407
-3.80874661204722
-3.57594977851123
-2.59366857718639
-2.59716130627672
-2.6554899157045
-2.73908171412863
-2.68676277850492
-2.77041003088292
-2.99239823287949
-3.22072700471375
-3.34701768506725
-3.05603874367451
-2.82619456647109
-2.53519234567607
-1.74597423283186
-2.02106372698086
-2.18143289383276
-1.71376515163522
-0.741286460488627
-1.07914385480804
-1.76539552168326
-2.00964998016689
-1.66015145233465
-1.2037029603873
-1.13040405612968
-1.06781575222932
-1.27027301474118
-1.77757826551311
-1.68174845030576
-2.01156649212957
-2.44775887811861
-1.01165447254617
0.970980548470765
-2.86186096219157
-3.47912921480628
-3.19787230250788
-2.19003840225293
-1.70786332048777
-1.08056491748587
-1.58806774156405
-2.08018969018831
-0.686039065524424
1.3555309916902
-0.89797081040556
-2.76760681339531
-2.79915965477417
-2.72178914279037
-1.66573514695947
-1.61310259392411
-3.18852690538176
-3.35520320004064
-3.31402219956759
-3.66009946799233
-3.32713670141324
-2.74035821423899
-2.66263527503103
-2.48900274254057
-2.48039968348939
-2.4971894602232
-2.80299707996657
-3.02255671584014
-3.05096211908354
-3.04058467670423
-3.11059281232417
-3.10846167978452
-3.04902658291292
-3.03593254279227
-3.03243981370194
-3.20905614366466
-3.62086956532184
-3.62086956532184
-3.17158839569094
-1.87843054312813
-1.99826170251672
-1.74089671003437
-1.6288826295093
-1.42684354139079
-2.03765054464028
-1.94290730102629
-0.82466504598595
-0.8274270245631
-1.75247231186758
-2.63122103649683
-3.14465221277429
-2.67270764151877
-2.55046212335747
-2.54696939426715
-2.54696939426715
-2.54696939426715
-3.34480790001274
-3.85255056943287
-3.85255056943287
-3.85255056943287
-3.85255056943287
-3.85255056943287
-3.84194449109124
-3.85255056943287
-3.85255056943287
-3.23355412410467
-2.59366857718639
-2.59366857718639
-2.59366857718639
-2.59366857718639
-2.60689254370297
-2.91448254901341
-3.1678952266419
-3.34431239522954
-3.37187166505174
-3.2853252429124
-3.19430390463954
-3.1901720551347
-2.71582138053739
-2.35055731697837
-2.21464519430322
-1.7131692423975
-1.60034809015752
-1.9886406807602
-2.1378980250675
-2.19438482346825
-1.80830018546415
-1.18108747888562
-0.807679067818008
-0.967240988430759
-1.45526520900429
-2.76405255794871
-2.71455953554794
-2.92466362347376
-3.12130385633674
-2.70025031081209
-1.60106311520622
-3.17582147856415
-3.51054890368182
-2.49936158037204
-1.9163589492329
-1.93436764657386
-1.7817576988695
-2.06891713333459
-2.22988376462303
-1.51061106854274
1.0365243094082
0.769747586979907
-1.76867098882932
-2.79896686200809
-2.57503593823246
-2.1266295564737
-1.65861463456291
-1.88483416484427
-3.35524568871612
-2.99754565200293
-3.1680842005602
-3.50184305164513
-3.42842584503261
-3.02759558588991
-2.54205240396151
-2.51881970348295
-2.85735713127966
-3.03593254279227
-3.03243981370194
-3.04641073006323
-3.05339618824388
-3.06561664697531
-3.06571994008718
-3.07435256278582
-3.1791344354955
-3.21056899730841
-3.35114275050214
-3.62436229441216
-3.67326050167668
-2.42745525282389
-2.02459350480016
-0.801439874108926
-0.258943790781132
-0.809692026678792
-1.4498792137889
-1.99376545856471
-1.46332522365364
-0.948089856970299
-1.00160999612821
-1.30457195372959
-2.28893358564518
-3.14115948368397
-2.5853894142607
-2.54696939426715
-2.84521715085302
-2.9320617859574
-3.22557507277938
-3.85246768614799
-3.85255056943287
-3.85255056943287
-3.85255056943287
-3.85255056943287
-3.85255056943287
-3.85255056943287
-3.85255056943287
-3.74279820780216
-2.74761982798754
-2.59366857718639
-2.59366857718639
-2.56661892825401
-2.19242929236571
-2.50210909565696
-3.18405870126693
-3.37187166505174
-3.37187166505174
-3.37187166505174
-3.24681307904696
-3.19430390463954
-2.81097854847977
-2.15425670827434
-1.72589021753941
-1.46156047237117
-1.23504635659766
-1.90861240412628
-1.95278467804722
-1.95121091604656
-2.1365029228603
-2.15846631141
-0.882923952404983
-0.64060577826368
-0.842236830639196
-1.78639632233715
-2.82881667858554
-2.82881667858554
-2.9330062723503
-3.12189358761497
-3.12130385633674
-3.12130385633674
-3.30845530105343
-3.58132777537913
-2.26107617129186
-2.01553401238364
-1.71562106543506
-0.830918269708992
-1.63151887206878
-2.04765709437998
-1.30789619132712
-0.938220178583866
0.13993938151314
-1.17367400736523
-2.31783610018779
-2.26730987875487
-2.17954131992295
-1.51177189767859
-1.71497879146366
-2.17749062099043
-2.95583418395273
-2.90793521469615
-2.84222783019165
-2.81585206956073
-2.91827781951417
-3.06083445049338
-3.23071338151221
-3.29707523422834
-3.02348374162766
-3.0263964081086
-2.97307947664816
-3.12237810087806
-3.82661843412243
-3.34800588005808
-3.28042357911487
-3.88889439942728
-3.8923871285176
-4.04698251434123
-3.65317231028068
-2.91071147760195
-2.4042973152751
-1.21949651479476
-0.935569292743485
-1.02208678223793
-1.13946530465086
-1.85745515875341
-2.09187801587869
-1.27947557622538
-1.56986071837275
-2.63113304093809
-2.59936033062199
-2.64355770699424
-3.59238482452359
-3.85255056943287
-3.85255056943287
-3.85255056943287
-3.85255056943287
-3.85255056943287
-3.85255056943287
-3.85255056943287
-3.85255056943287
-3.85255056943287
-3.85255056943287
-3.50476454456034
-2.57489321107215
-2.58906025918671
-2.58569305000627
-2.52381940043011
-2.21832259837957
-2.09371000813892
-3.24030698476587
-3.37187166505174
-3.37187166505174
-3.37187166505174
-3.20368924585191
-2.34115273389758
-1.48562726571113
-1.22672057445398
-1.65102937932553
-1.76360547803763
-1.92303948107117
-2.00529063731797
-2.03364911687817
-2.07607353826002
-2.1317467676025
-1.71226640911787
-1.76701132920455
-2.04140891620163
-1.93533317880854
-2.7971230104554
-2.91570228905566
-2.90860311733115
-2.99886251862717
-3.100087539624
-3.12130385633674
-3.12130385633674
-3.41403804308115
-3.52484381560432
-2.05935150258644
-1.60453785121182
-1.11772820796104
-0.751699986678439
-1.31465623213486
-1.70235836704186
-1.24955661579434
-0.831019051957304
-1.01407956049851
-1.76398631557029
-1.99771469798931
-2.25402499373049
-2.1844956543462
-1.93067703384572
-1.41616133395714
-1.13591033975824
-1.64518350003717
-1.89322023921092
-2.16969511456829
-2.4753029769704
-2.55384149450357
-2.79164983334205
-2.84651318157669
-2.86744382541605
-2.44843427042424
-2.42037133254967
-2.41543239683883
-2.82058608853256
-3.48784729614786
-3.52275100326434
-3.70805605989405
-3.647896092195
-3.61646153038209
-3.61995425947242
-3.7701416103563
-3.77870886839039
-3.42594323026777
-2.72823573866068
-2.24368053636155
-1.23837581290257
-0.357470135595422
0.00220995979429317
-2.08004844428784
-2.6562288840667
-2.92284021912922
-3.29044891242793
-3.39310473314802
-2.75577956585308
-2.54696939426715
-3.10400540722781
-3.85255056943287
-3.85255056943287
-3.85255056943287
-3.85255056943287
-3.85255056943287
-3.85255056943287
-3.85255056943287
-3.85255056943287
-3.85255056943287
-3.85255056943287
-3.85255056943287
-3.59167433050977
-2.54407442098575
-2.54437161882974
-2.55471964449621
-2.53797017052034
-2.094823609183
-2.3590674807581
-3.37186372128234
-3.37187166505174
-3.37187166505174
-3.15055121533766
-2.11949622278702
-1.96734621357384
-1.94090162271658
-1.36197518372123
-1.67581217597659
-1.98785481924815
-1.94896337257298
-1.41198948494873
-1.45096741654472
-1.8522632630264
-1.87247272907433
-1.47745805572553
-1.98162672703312
-2.03320906333166
-2.34721231925878
-2.92491933275101
-2.93376724769027
-3.01749684800768
-3.07498569612757
-3.07383154920852
-3.1046630790308
-3.12130385633674
-3.46154772827194
-3.26678586487043
-0.929476851212397
0.688924076849617
-0.544575164611512
-1.77002230674087
-1.91456252863016
-1.7762774786891
-1.13291891654978
-1.1384775473526
-1.97698689532545
-1.85915865478398
-1.8527363649316
-2.23520824992215
-2.29003943444628
-2.33871497534562
-2.22299576461722
-1.28089887194501
-0.385902397091084
-1.38230100947056
-0.745761849246583
-2.34793804067868
-2.63209307147436
-2.84651318157669
-2.82214289887707
-2.53844776581534
-2.42049243770166
-2.34148086594428
-2.23325102958776
-3.02438807190068
-3.51227281599337
-3.51227281599337
-3.53739674734713
-3.58642996198061
-3.55096255559627
-3.61296880129177
-3.61296880129177
-3.82253254671115
-3.57263785206134
-3.30131271654531
-2.93676922730297
-2.19164138221299
-1.13213745734523
-0.325465585683588
-1.62653449854791
-2.65963162418021
-2.69455891508344
-2.92507903504475
-3.33722106770286
-3.77673824436049
-3.31165817378866
-3.78862815027859
-3.85255056943287
-3.85255056943287
-3.85255056943287
-3.85255056943287
-3.85255056943287
-3.85255056943287
-3.85255056943287
-3.85255056943287
-3.85255056943287
-3.85255056943287
-3.85255056943287
-3.81905543335838
-2.61840659540397
-2.54407442098575
-2.60469304886847
-2.6594200857497
-2.62709164723762
-2.88994833483908
-3.37187166505174
-3.37187166505174
-3.36006133275007
-3.30922744167294
-2.56953402881317
-1.8501110961485
-1.67259431208021
-1.81236885892862
-1.93766664972163
-1.87628753999592
-1.65960679021487
-1.36571874791921
-1.36653386252337
-1.42359993440017
-1.86714289444685
-2.00615924828216
-2.09796256422472
-2.13259584089103
-2.65790535141613
-2.93657062068381
-3.03142362688013
-3.07498047569289
-3.00639150868982
-2.86126217483733
-2.59584132324359
-2.74544455884602
-2.92870328059955
-2.58608305609317
-1.97849917171001
-0.658389058405288
-1.93645608937455
-1.99411807303588
-1.95422326554204
-1.72102490122982
-1.04202873743637
-2.14037663160184
-2.50397382962492
-1.68899405363296
-1.8747021322953
-2.33540375615765
-2.39376224914639
-2.33871497534562
-2.33263470144122
-2.3288130888393
-1.50454134806902
-1.97338736106514
-2.16573410758303
-2.52052700565328
-2.72867166809489
-2.83499930402733
-2.42531920438212
-2.00125620177632
-2.26209185903278
-2.22754779493667
-2.22243830975651
-2.58067733565556
-3.51227281599337
-3.50869731236851
-3.33849824108564
-3.27282045851167
-3.43611799631019
-3.61296880129177
-3.61646153038209
-3.75966342308533
-3.80665070111297
-3.43991414662907
-3.42245050117745
-2.32181872551646
-2.18299504944089
-2.8047293398103
-2.91468033453694
-2.78539242567224
-3.1067044825421
-3.87699967306513
-3.85604329852319
-3.85255056943287
-3.85255056943287
-3.85255056943287
-3.85255056943287
-3.85255056943287
-3.85255056943287
-3.85255056943287
-3.85255056943287
-3.85255056943287
-3.85255056943287
-3.85255056943287
-3.85255056943287
-3.85255056943287
-3.85255056943287
-2.60923785425429
-2.6023504674241
-2.67618731446991
-2.72730629553225
-2.72730629553225
-3.11348278063726
-3.36847646347448
-3.34932203719173
-3.32819527332834
-3.32988303237254
-3.28789869818995
-2.87740545557452
-1.83669113027297
-1.89913711252705
-2.32586631539186
-2.10901489890483
-1.72903636029225
-1.418746340341
-1.56411779245329
-1.96850379405917
-2.1302633323074
-2.2104528511601
-2.2910390756357
-2.33585651529782
-2.40990808764905
-2.52489040803101
-2.83948673951288
-2.92974023750184
-2.43719334627835
-2.04847639983607
-2.37340250483352
-2.64409306206362
-2.09490986370409
-1.74051368740645
-1.81321308225903
-1.93233120472551
-2.10850587158536
-2.15211222641412
-1.9580885912963
-1.78825607985831
-1.75674614300284
-1.70640382020413
-2.30558881875262
-2.38714449487764
-3.03242707209245
-3.3454135407061
-2.97000305200481
-2.72435337542599
-2.24323137537121
-2.17354445893124
-2.31722004217668
-2.32900962467114
-2.46970226521959
-2.81802081764685
-3.03536352163819
-2.92303226216083
-1.83167423429809
-0.906242206171584
-1.26928363431359
-1.62114359301636
-1.90505724849395
-2.68895379109902
-3.51227281599337
-3.48579573090761
-2.94598500053074
-2.94071258314412
-3.21517734797286
-3.13697470130616
-3.52900578799205
-3.67234519582726
-3.52723237388714
-3.30915116958967
-1.38333909436481
-1.86952161798075
-2.75768554276806
-2.91842905326846
-3.07560186233299
-3.87699967306513
-3.86652148579416
-3.85604329852319
-3.85255056943287
-3.85255056943287
-3.85255056943287
-3.85255056943287
-3.85255056943287
-3.85255056943287
-3.85255056943287
-3.85255056943287
-3.85255056943287
-3.85255056943287
-3.85255056943287
-3.85255056943287
-3.85255056943287
-3.85255056943287
-3.85255056943287
-2.57581823660703
-2.68067248502556
-2.77395963090239
-2.89517528228535
-3.00221987865024
-3.24316736133077
-3.3287779426625
-3.32988303237254
-3.32988303237254
-3.32430073535124
-3.23585468339224
-2.67689734983965
-1.89067526034647
-2.559259030218
-2.59585163742248
-1.86636827956932
-1.85813487309811
-1.57671680562539
-1.36993731228745
-1.78954093650416
-2.36000129838626
-2.36641959962849
-2.67683493199422
-2.43618516947366
-2.39306939274805
-2.21375601002631
-1.69793572524597
-1.83939175055859
-1.80542309580776
-1.64571144082388
-2.08190628130769
-2.00965505418596
-1.57529435270374
-1.34496144396628
-1.74532110606596
-1.82135730168206
-2.5416090061293
-2.76033283586404
-2.51604472786679
-1.82786580628623
-1.56832568343615
-1.32113382324768
-1.38671185595189
-2.85994027010501
-3.44369933569732
-3.40348329310799
-3.01443134332352
-2.67772840277616
-2.15889197939602
-2.01114481194753
-2.04411831512551
-2.24933852466032
-2.56469913952971
-3.10051091793289
-3.10051091793289
-3.0330633099811
-2.30719467262987
-1.31112412199291
-1.54376098231096
-1.69165760442747
-1.78409131268359
-2.75399917013679
-2.95875046130473
-3.40546094257607
-3.12455894967906
-2.93652376716091
-2.89305938324978
-2.97822050108041
-3.15422841692327
-3.58136348467331
-3.88889439942728
-3.51675418661617
-2.49912133291091
-1.48055700533707
-1.76232990624418
-2.62970904490316
-2.91842905326846
-3.33057108592656
-3.8735069439748
-3.85255056943287
-3.85255056943287
-3.85255056943287
-3.85255056943287
-3.85255056943287
-3.85255056943287
-3.85255056943287
-3.85255056943287
-3.85255056943287
-3.85255056943287
-3.85255056943287
-3.85255056943287
-3.85255056943287
-3.85255056943287
-3.85255056943287
-3.85255056943287
-3.85255056943287
-3.54424441488997
-3.71836525007441
-3.83735293275089
-3.698396183881
-3.32988303237254
-3.32988303237254
-3.32988303237254
-3.32988303237254
-3.32988303237254
-3.32434506436531
-3.2350094659583
-3.16503888072334
-2.79021674245771
-2.6085500179925
-2.70964671474985
-2.7271029919852
-2.8547990645433
-2.18882168648742
-1.57233732829177
-1.91772740796882
-3.28882518807695
-2.86486200445631
-3.05760092535669
-2.47666068565958
-2.37920543212815
-2.18196910207478
-1.26680650394461
-1.42739427451299
-1.99053032326967
-2.48626590995031
-1.77300176530814
-1.42304959334587
-1.42484479974963
-1.58065000349776
-1.72527262623237
-1.75332467362008
-2.1516181215614
-2.76977155341401
-2.56878030060756
-1.89500071528785
-1.6301419383345
-1.68546773991814
-1.18840972255483
-2.82200301903617
-3.3690012338354
-3.42981488884018
-3.23398876486885
-2.89986834446325
-2.68062179111448
-2.36618818300927
-2.0207849299379
-1.76622245251699
-1.83179884328784
-2.48226449445919
-2.9832376286767
-3.037272890785
-1.84090692346361
-1.56198991779578
-1.57907634311732
-1.88685362276449
-2.55064427731859
-2.86326453709255
-2.65384981362954
-1.82562651793008
-1.65981507265214
-1.97943202760298
-2.21944064483385
-2.41909876895786
-2.08215160616259
-2.31550229715861
-3.38337807785966
-3.41514320293556
-1.84454700305814
-1.66720682552141
-1.90902499148614
-2.92377087738649
-3.0476600296104
-3.87699967306513
-3.85604329852319
-3.85255056943287
-3.85255056943287
-3.85255056943287
-3.85255056943287
-3.85255056943287
-3.85255056943287
-3.85255056943287
-3.85255056943287
-3.85255056943287
-3.85255056943287
-3.85255056943287
-3.85255056943287
-3.85255056943287
-3.85255056943287
-3.85255056943287
-3.85255056943287
-3.85255056943287
-3.85255056943287
-3.85255056943287
-3.85255056943287
-3.73274230280623
-3.39331246464803
-3.32988303237254
-3.32988303237254
-3.32988303237254
-3.32988303237254
-3.32988303237254
-3.24384077956061
-3.16503888072334
-3.16503888072334
-3.11988924847366
-3.73803881944526
-3.88945570324853
-3.10418114534347
-1.96457582434035
-1.75262337171429
-1.81831254723775
-3.39806464102012
-3.39806464102012
-3.23659936009767
-2.50559464832606
-2.24387426025698
-1.86361564964323
-1.21106148230812
-1.07264876192073
-2.13594645708871
-2.08515039561512
-2.28788141400289
-1.64282052524661
-1.39244510594574
-1.49845931655151
-1.38981746711463
-1.55006354891875
-1.96329976859289
-2.76977155341401
-2.76977155341401
-2.51970265109573
-1.70197333313884
-1.75175272621654
-1.80656369797948
-2.05798210211869
-2.19186476389763
-2.48830854349741
-3.2356217504461
-3.22193321467917
-3.03437361103969
-2.76751982982332
-2.44063517959592
-2.22569060753781
-2.06340509702995
-1.68982355380814
-1.69029447044055
-2.01654786567249
-1.85762896121407
-1.47618608947112
-1.44964265102555
-2.22584767654778
-2.86326453709255
-2.86326453709255
-2.86326453709255
-2.83317031424452
-1.95097743784316
-1.95840277288255
-1.75817933914587
-1.35236217463854
-0.902004420819568
-1.78489404944126
-2.87581617957346
-3.22136698927005
-2.42727042466899
-1.89995946740692
-2.68576240525306
-3.40741112591366
-3.34454200228785
-3.38994748046205
-3.8735069439748
-3.85255056943287
-3.85255056943287
-3.85255056943287
-3.85255056943287
-3.85255056943287
-3.85255056943287
-3.85255056943287
-3.85255056943287
-3.85255056943287
-3.85255056943287
-3.85255056943287
-3.85255056943287
-3.85255056943287
-3.85255056943287
-3.85255056943287
-3.85255056943287
-3.85255056943287
-3.85255056943287
-3.85255056943287
-3.85255056943287
-3.88377486333965
-3.77216220141368
-3.52027720726032
-3.3442607210344
-3.32988303237254
-3.37508676349203
-3.54423477935937
-3.43106305520015
-3.47175694751061
-3.34052732465095
-3.89423608916947
-3.9408547148497
-3.59242908850097
-2.45076812209442
-2.24494854518994
-1.30934235779954
-1.73243589591179
-2.96992930117411
-3.15368617931564
-3.05225364266735
-2.49441941671661
-2.0778262958157
-1.80742138390201
-1.20385328810627
-0.930431888782251
-1.14085873503334
-0.895657265861968
-1.74997205772669
-1.7722736557995
-1.38728007366935
-1.40733839202773
-1.28322553555498
-1.39592340795239
-1.99120596864487
-2.81056208421573
-2.7709973478972
-2.17091601149328
-1.91871385314057
-1.88572975055082
-1.9954811728829
-2.07218308362259
-2.07218308362259
-2.16258492438987
-3.2356217504461
-3.14773370943989
-2.99615783327833
-2.84378935791037
-2.67110691134708
-2.34460683958261
-2.92568002551692
-2.53702367341099
-1.9190079189579
-1.68463189599119
-2.18588092821158
-2.50346060804395
-2.25866820733434
-2.9798708867944
-2.8669462306588
-2.86326453709255
-2.47772957446464
-2.21054411517036
-2.80542334381714
-2.12788174614966
-1.2846186829284
-0.833969444365307
-1.34740239111637
-2.52321674211927
-2.53546915355536
-2.6773432990331
-3.12319725461058
-3.21662719908197
-3.11883078455293
-3.37597656410076
-3.36899110592011
-3.40042566773302
-3.87699967306513
-3.85255056943287
-3.85255056943287
-3.85255056943287
-3.85255056943287
-3.85255056943287
-3.85255056943287
-3.85255056943287
-3.85255056943287
-3.85255056943287
-3.85255056943287
-3.85255056943287
-3.85255056943287
-3.85255056943287
-3.85255056943287
-3.85255056943287
-3.85255056943287
-3.85255056943287
-3.85255056943287
-3.85255056943287
-3.85255056943287
-3.88022387435755
-3.9408547148497
-3.9408547148497
-3.92626038143062
-3.78231643634177
-3.90908356287515
-3.9408547148497
-3.93086690069947
-3.9408547148497
-3.9408547148497
-3.9408547148497
-3.9408547148497
-3.93033708165831
-3.29240007104572
-2.4505072764331
-2.67516336710654
-3.70902638880044
-3.11512166680521
-2.50597703197464
-2.50230777665887
-2.47780734087019
-2.14929649758903
-1.94866385189673
-1.7648142841301
-1.64658393959779
-1.25182775165611
-1.03384780266599
-1.93270351770566
-2.19525113704462
-1.60629564228628
-1.94457197041544
-1.94346772846802
-1.9310650064512
-3.13294219874501
-2.91453747499948
-2.26568350581491
-2.13475192150169
-2.14112002580954
-1.5397009970323
-1.64420093706847
-2.00841861175627
-2.05671830476129
-2.33611384864562
-3.26419914685459
-3.12860492984409
-2.99615783327833
-2.87500168659251
-2.67110691134708
-2.64651929279551
-3.25697193336867
-3.47921003967074
-2.27206966163489
-1.72018595164255
-2.06229825373045
-2.64747826004601
-3.32609855123696
-3.44729936660736
-3.37150058698819
-3.16019648774391
-2.10047461633407
-1.26301983562848
-1.34206624254854
-1.1839664554048
-0.937543439128096
-1.00951865585785
-0.619206038928445
-1.55109528561036
-2.28596144354615
-2.5321168682346
-2.56785332924924
-3.37816647820415
-3.38645475137173
-3.8735069439748
-3.85255056943287
-3.85255056943287
-3.85255056943287
-3.86302875670384
-3.86652148579416
-3.86302875670384
-3.85953602761351
-3.85604329852319
-3.85255056943287
-3.85255056943287
-3.85255056943287
-3.85255056943287
-3.85255056943287
-3.85255056943287
-3.85255056943287
-3.85255056943287
-3.85255056943287
-3.8518403786762
-3.85255056943287
-3.47459324951149
-3.46114493149054
-3.76576598881682
-3.9408547148497
-3.9408547148497
-3.9408547148497
-3.9408547148497
-3.9408547148497
-3.9408547148497
-3.9408547148497
-3.9408547148497
-3.9408547148497
-3.9408547148497
-3.9408547148497
-3.70303010830758
-3.05419708606591
-3.71520498454014
-3.9408547148497
-3.9408547148497
-2.70194993040564
-2.07102613109137
-1.88835842369475
-1.65374394167698
-1.84108704085313
-1.62942331228103
-1.26865191103494
-1.33390480061952
-1.79807812058543
-2.60986412036213
-2.01976176071712
-1.56408311840584
-1.73947097869475
-1.950794342806
-3.05590680447521
-3.53512970390371
-2.95136932305907
-2.65329680345201
-2.47084038836966
-2.1998625246592
-1.77491019770174
-1.6699699850515
-2.08172356539626
-1.87966133279263
-2.43424510888762
-3.44493362268671
-3.3055625891245
-3.13674574196564
-3.09976468852018
-3.24850110100081
-3.56122280571577
-3.64672013360236
-3.55334017536999
-3.07458608253648
-2.4226809679971
-2.36303514611335
-3.05523639083255
-3.28601641272905
-3.40977957901374
-3.44729936660736
-3.44729936660736
-3.12471236684698
-1.94555320245139
-1.4601476119022
-1.92656792756221
-2.28836472858855
-0.910852252590643
-0.780669329663909
-0.397793103665313
-1.0545064998734
-2.10495279979897
-2.47382941968359
-2.6090827186643
-2.65194195180135
-2.70618679500212
-3.07990880766668
-3.14976338947313
-3.09737245311829
-3.14627066038281
-3.87699967306513
-3.85255056943287
-3.85255056943287
-3.85953602761351
-3.87544808511981
-3.85033734656453
-3.85191000927975
-3.85307248469981
-3.85442597442986
-3.85255056943287
-3.85255056943287
-3.85255056943287
-3.85408984634345
-3.85477267803844
-3.60124746255484
-3.47911655730788
-3.35305200003206
-3.33280555086434
-3.33940531495595
-3.94016455850376
-3.9408547148497
-3.9408547148497
-3.9408547148497
-3.9408547148497
-3.9408547148497
-3.9408547148497
-3.9408547148497
-3.9408547148497
-3.9408547148497
-3.9408547148497
-3.9408547148497
-3.9408547148497
-3.9408547148497
-3.9408547148497
-3.9408547148497
-3.53912688913424
-2.17261434233491
-1.84576514326327
-1.74303047647129
-2.36208850036576
-1.65066949005339
-1.49272913207675
-2.05710792917459
-2.67756196957445
-2.67756351569353
-2.5973996076653
-2.12925224524995
-1.99322337166764
-1.85152086871192
-2.51468946819086
-3.52405418131276
-3.10415395602663
-2.85979366261753
-2.47107508693117
-2.44167781162146
-2.43864963314721
-2.43269253234814
-1.94371060514422
-1.73526806276158
-1.68544582281224
-2.74876053479971
-3.4680212509607
-3.4680212509607
-3.47652715310882
-3.6873620370893
-3.68857669261603
-3.68709359934681
-3.59896859820478
-3.55292013433972
-2.76287372172292
-2.78304124255734
-3.17201122922499
-3.17201122922499
-3.2267509633153
-3.44485888835301
-3.4386568909897
-2.65227263875228
-2.09724916690838
-2.13011058768699
-2.55799860797588
-2.5501596213034
-2.45804415483698
-1.2238205863787
-0.655440617723076
-1.88864526011183
-1.82499373788877
-2.28974809948965
-2.34703561616203
-2.1539821463083
-2.33981143155671
-2.90177962406021
-3.09038699493764
-3.14976338947313
-3.87699967306513
-3.86652148579416
-3.8735069439748
-3.8735069439748
-3.88379744615168
-3.84887015524845
-3.84887015524845
-3.84887015524845
-3.85140650606832
-3.85292834962393
-3.85136899474398
-3.85286778144126
-3.85193943964364
-3.84514469705207
-3.4845023812823
-3.33280555086434
-3.33280555086434
-3.33280555086434
-3.34218780518147
-3.94082868280371
-3.9408547148497
-3.9408547148497
-3.9408547148497
-3.9408547148497
-3.9408547148497
-3.9408547148497
-3.9408547148497
-3.9408547148497
-3.9408547148497
-3.9408547148497
-3.9408547148497
-3.9408547148497
-3.9408547148497
-3.9408547148497
-3.9408547148497
-3.9408547148497
-3.64633123199659
-2.72086852570194
-2.83175969912906
-2.70868506572829
-2.31655086477529
-2.15060084593149
-2.46282552092428
-2.67756351569353
-2.61834476853193
-2.28976717413562
-2.52356034838562
-2.52356034838562
-2.50041679229748
-1.67202795034336
-2.45995327628788
-3.36965689576744
-2.72919685418294
-2.44778871566726
-2.44705868694556
-2.44266115153196
-2.43923719795629
-1.47958950636151
-1.11828086028969
-1.61834967132349
-1.71773313027496
-3.41809220844241
-3.4680212509607
-3.50762600360237
-3.68413459312036
-3.68857669261603
-3.68857669261603
-3.68857669261603
-3.63811370543928
-3.24013377077909
-3.03359063321687
-3.17201122922499
-3.17201122922499
-3.20421197449525
-3.37841284664665
-3.26384197848844
-2.22038298754638
-1.92864108023432
-2.0399519718842
-2.468024063408
-2.54008941071775
-2.14509445450454
-1.91131105864473
-1.78139407281917
-2.57575646921711
-2.41123474902009
-2.51424972168754
-2.23229162764915
-2.02467799213349
-2.68682182121573
-3.07990880766668
-3.89078290433232
-3.84887015524845
-3.84887015524845
-3.84887015524845
-3.84887015524845
-3.84887015524845
-3.84887015524845
-3.84887015524845
-3.84887015524845
-3.73225093118797
-3.33280555086434
-3.33280555086434
-3.33280555086434
-3.33280555086434
-3.33502902772755
-3.93157643700385
-3.94434744394002
-3.94085471484969
-3.9408547148497
-3.9408547148497
-3.9408547148497
-3.9408547148497
-3.9408547148497
-3.9408547148497
-3.9408547148497
-3.9408547148497
-3.9408547148497
-3.9408547148497
-3.9408547148497
-3.9408547148497
-3.9408547148497
-3.9408547148497
-3.92444289620149
-3.83098179140869
-3.56882913725211
-2.70870196855261
-2.93529859574011
-2.71782385723037
-3.04019139541849
-2.73697935993858
-2.34761518433011
-2.3244318878801
-3.10401734887122
-2.8799048557098
-2.86868680560865
-2.56499158037599
-2.95620005603186
-3.53859186937312
-2.76926479259596
-2.44778871566726
-2.44778871566726
-2.44778871566726
-2.4165488231311
-1.67037730423597
-1.03798448754988
-1.3158069491299
-1.29872799558306
-2.60140007027097
-3.46290743461168
-3.47112169216748
-3.66682776385217
-3.68857669261603
-3.68857669261603
-3.68857669261603
-3.49260165884091
-2.82346485195388
-2.58951674045435
-2.97282341893715
-3.17201122922499
-3.17201122922499
-3.17220716587525
-2.71483584826432
-2.10472541255205
-1.56770557703015
-1.7178594211282
-2.43765160559351
-2.41424391765032
-2.25815113822674
-1.88042936534449
-2.2794094333761
-2.57573484616088
-2.57573484616088
-2.57620850417614
-2.63398043818185
-2.12317950534615
-2.7812751757163
-3.89078290433232
-3.84887015524845
-3.84887015524845
-3.84887015524845
-3.84887015524845
-3.84887015524845
-3.84887015524845
-3.84887015524845
-3.84887015524845
-3.67078906075524
-3.33280555086434
-3.33280555086434
-3.33280555086434
-3.33280555086434
-3.33979100904499
-3.50045654719984
-3.95133290212066
-3.9408547148497
-3.9408547148497
-3.9408547148497
-3.9408547148497
-3.9408547148497
-3.9408547148497
-3.9408547148497
-3.9408547148497
-3.9408547148497
-3.9408547148497
-3.9408547148497
-3.9408547148497
-3.9408547148497
-3.9408547148497
-3.9408547148497
-4.00669746800485
-4.02214297491818
-3.83152001370989
-4.02080305823058
-3.91151718582855
-3.55915989418207
-3.53858282460173
-2.69446150708299
-1.52821056104111
-2.95680134524619
-3.53858282460173
-3.53858282460173
-3.53858282460173
-3.53858282460173
-3.53858282460173
-3.48170907356819
-2.96209375068592
-2.44778871566726
-2.66232228669426
-1.92163776663628
-1.75743841377348
-2.60394768277818
-2.30532140518486
-1.97413566583521
-2.22098860850442
-3.3833098047629
-3.56339710505804
-3.66060089761217
-3.68857669261603
-3.68857669261603
-3.67433964452583
-2.94386144912015
-2.80869126445895
-2.32163251416915
-2.81365591649384
-3.11271832802823
-2.96787488793377
-2.90352762465004
-2.64706662126759
-2.53651325927594
-2.1673509338556
-2.32558953027169
-2.73736242936149
-2.57017536559036
-2.58055838005125
-1.53173258702294
-1.81768798328784
-2.20449574209544
-2.30931716701617
-2.63541134419902
-2.50536190769375
-2.86160794479373
-3.887290175242
-3.84887015524845
-3.84887015524845
-3.84887015524845
-3.84887015524845
-3.84887015524845
-3.84887015524845
-3.84887015524845
-3.84887015524845
-3.72357605242664
-3.33280555086434
-3.28144881780616
-3.24383681260965
-3.28491155558889
-3.23416457558445
-3.50757456766802
-3.95482563121099
-3.94434744394002
-3.9408547148497
-3.9408547148497
-3.9408547148497
-3.9408547148497
-3.9408547148497
-3.9408547148497
-3.9408547148497
-3.9408547148497
-3.9408547148497
-3.9408547148497
-3.9408547148497
-3.9408547148497
-3.9408547148497
-3.9408547148497
-4.0075259939383
-4.03958095081487
-4.03958095081487
-4.03958095081487
-4.03958095081487
-3.93868887770525
-3.59412489337903
-2.46318999572256
-1.86687441807181
-3.08532876707555
-3.53858282460173
-3.53858282460173
-3.53858282460173
-3.53858282460173
-3.53858282460173
-3.53858282460173
-3.16171347377412
-2.93409850375166
-2.7476731468867
-2.07046753417408
-2.63103089131468
-2.92406250552182
-2.65771203775116
-2.2576018677405
-2.3046244299813
-3.37082210138427
-3.4680212509607
-3.48986952900845
-3.59895366932024
-3.68701502812033
-3.38764799247809
-2.96050749362864
-2.94682999397423
-2.31602527703316
-2.14419007923047
-2.22677187950481
-2.68181203252404
-2.68181203252404
-2.68181203252404
-2.68181203252404
-2.68641805786675
-2.75715959313185
-2.76398631316724
-2.74933412535805
-2.28576947325538
-1.75175713062911
-1.66302676053562
-2.07736826093789
-2.13621050622416
-2.69267741379948
-2.64208028787581
-3.89427563342265
-3.85934834251942
-3.84887015524845
-3.84887015524845
-3.84887015524845
-3.84887015524845
-3.84887015524845
-3.84887015524845
-3.84887015524845
-3.68616867424345
-3.31909112376687
-3.23698936387652
-3.00779684555677
-3.09329028103705
-2.7831593084625
-2.9609977918588
-3.96879654757228
-3.94434744394002
-3.9408547148497
-3.9408547148497
-3.9408547148497
-3.9408547148497
-3.9408547148497
-3.9408547148497
-3.9408547148497
-3.9408547148497
-3.9408547148497
-3.9408547148497
-3.9408547148497
-3.9408547148497
-3.9408547148497
-4.0252103347158
-4.03958095081487
-4.03958095081487
-4.03958095081487
-4.03958095081487
-4.03958095081487
-3.99470518823468
-3.63182932708292
-3.53858282460173
-3.53858282460173
-3.53858282460173
-3.53858282460173
-3.53858282460173
-3.53858282460173
-3.53858282460173
-3.53573890850573
-3.20004519649244
-3.16077895251984
-2.64751795699492
-2.38608292220899
-2.74982889632485
-2.83592960694832
-2.62401179232034
-3.02979894662023
-3.28644872761311
-3.33224075806859
-3.38140050705197
-3.4680212509607
-3.46878305246943
-3.64016180856894
-3.4808058532765
-3.45883510418006
-3.1150824957505
-2.12520815174454
-1.83706826699004
-2.20878514601073
-2.68181203252404
-2.68181203252404
-2.68181203252404
-2.68181203252404
-2.68181203252404
-2.72756593824362
-2.76398631316724
-2.54570250477387
-2.1523092118388
-2.08324480023435
-1.99102974342392
-1.55005188142856
-1.38031376428616
-1.7017900534274
-2.73357461281468
-3.887290175242
-3.84887015524845
-3.84887015524845
-3.84887015524845
-3.84887015524845
-3.84887015524845
-3.84887015524845
-3.84887015524845
-3.84885727160016
-3.18218213776546
-2.90823984623355
-2.99410834684478
-2.99414339139055
-2.80364067172178
-2.78249776044047
-3.96879654757228
-3.96530381848196
-3.95482563121099
-3.94784017303034
-3.9408547148497
-3.9408547148497
-3.9408547148497
-3.9408547148497
-3.9408547148497
-3.9408547148497
-3.9408547148497
-3.9408547148497
-3.9408547148497
-3.9408547148497
-4.02485369900548
-4.03958095081487
-4.03958095081487
-4.03958095081487
-4.03958095081487
-4.03958095081487
-4.03958095081487
-3.94545698134293
-3.55140629775881
-3.53858282460173
-3.53858282460173
-3.53858282460173
-3.53858282460173
-3.53858282460173
-3.53858282460173
-3.47177083221509
-3.1788302750585
-2.98785257826608
-2.60675541921719
-2.43273460701038
-2.43592937572655
-2.92406250552182
-2.95284440924025
-3.07060158336112
-3.1782992447454
-3.33262204037987
-3.33253519252162
-3.42661511287169
-3.4666358138264
-3.46644869282077
-3.45883510418006
-3.45883510418006
-3.19571165809716
-2.23621809082044
-1.81318159539505
-1.76804814210663
-2.63888165586981
-2.68181203252404
-2.68181203252404
-2.68181203252404
-2.68181203252404
-2.72569436367046
-2.73212872765688
-1.93763093170569
-1.6429873672705
-1.90356999726373
-1.7324520422165
-1.11964140131494
-1.26075903830753
-1.33614463413072
-2.48381197946192
-3.89776836251297
-3.86982652979038
-3.84887015524845
-3.84887015524845
-3.84887015524845
-3.84887015524845
-3.84887015524845
-3.84887015524845
-3.84887015524845
-3.84887015524845
-3.31430640176177
-2.73591660530193
-2.74750996827962
-2.93504775341332
-2.90379124965013
-2.66374497136949
-3.95133290212066
-3.9408547148497
-3.9408547148497
-3.9408547148497
-3.9408547148497
-3.9408547148497
-3.9408547148497
-3.9408547148497
-3.9408547148497
-3.9408547148497
-3.94178882837844
-4.02943637704881
-4.03958095081487
-4.03958095081487
-4.03958095081487
-4.03958095081487
-4.03958095081487
-4.03958095081487
-4.03958095081487
-3.86223832664326
-3.53858282460173
-3.53858282460173
-3.53858282460173
-3.53858282460173
-3.53858282460173
-3.53858282460173
-3.42434933826084
-3.1788302750585
-2.78394746532587
-2.60675541921719
-2.51494334212672
-2.18011941030618
-2.83343240155505
-1.66692241130452
-1.32797813994998
-2.36641362109083
-3.2937188105091
-3.33262204037987
-3.4410472610592
-3.49815114612342
-3.46521551316266
-3.47539183453846
-3.46456295791309
-3.37032020141331
-2.55790200679788
-2.13224224449924
-2.49942764238156
-2.6788703981673
-2.68181203252404
-2.68181203252404
-2.5289738850884
-1.59857024007162
-2.18049015912663
-2.48339593212763
-1.33495524095486
-1.57782819886796
-1.48955379225212
-1.79819800412999
-1.51741493238038
-1.18330698978155
-1.34518229601665
-2.90992492848131
-3.89776836251297
-3.85236288433877
-3.84887015524845
-3.84887015524845
-3.84887015524845
-3.84887015524845
-3.84887015524845
-3.84887015524845
-3.84887015524845
-3.84887015524845
-3.84887015524845
-3.84887015524845
-3.78288811252832
-2.87758780580527
-2.66982945764475
-2.81588508040954
-2.59249450119322
-2.82441050952435
-2.89775782042113
-3.96181108939163
-3.94434744394002
-3.9408547148497
-3.9408547148497
-3.9408547148497
-3.9408547148497
-3.94784017303034
-3.9408547148497
-3.95133290212066
-3.94434744394002
-3.96149892108491
-4.03958095081487
-4.03958095081487
-4.03958095081487
-4.03958095081487
-4.03958095081487
-4.03958095081487
-4.03958095081487
-4.03958095081487
-3.80967207641405
-3.28849135871292
-3.53858282460173
-3.53858282460173
-3.5490610118727
-3.56303192823399
-3.56772518837333
-3.48203578148099
-3.36013905219938
-2.79162242067886
-2.72985006607478
-2.46002765215731
-2.01522290705036
-2.52687850215032
-2.94198893569321
-2.94198893569321
-2.94356619990569
-2.99108840659717
-3.49147132159471
-3.62061187646218
-3.62409479383512
-3.61731470326461
-3.53248691466087
-3.54167767577787
-3.33741875656906
-3.29068740485757
-2.70054799359295
-2.65952789077084
-2.66359934066723
-1.75523164429629
-1.50871145400147
-1.25331903019671
-0.720519948028936
-0.622263120794476
-0.839019448838819
-1.17105148902289
-1.36737498514685
-1.3975833113307
-1.72838327019078
-1.61299340916055
-0.774772420612093
-0.880116973824473
-2.48678760629336
-3.90126109160329
-3.85585561342909
-3.84887015524845
-3.84887015524845
-3.84887015524845
-3.84887015524845
-3.84887015524845
-3.84887015524845
-3.84887015524845
-3.84887015524845
-3.84887015524845
-3.84887015524845
-3.84887015524845
-3.887290175242
-3.23733890210853
-2.99983332396658
-2.67026193948044
-2.57786773420716
-2.57991947320174
-2.58341220229207
-2.77900503135015
-2.91522146587274
-3.96530381848196
-3.95482563121099
-3.94434744394002
-3.94434744394002
-3.96181108939163
-3.96879654757228
-3.96530381848196
-3.96879654757228
-3.96879654757228
-4.04470538774549
-4.10245007444069
-4.10245007444069
-4.09546461626004
-4.10245007444069
-4.09546461626004
-3.81645353193943
-3.02675973529264
-3.02367605067785
-2.73305571980077
-2.49152752903146
-2.92431281552918
-3.63288651004045
-3.387192920385
-3.03442728226239
-3.03442728226239
-2.59331635778973
-1.97326021209721
-2.47121224227828
-2.95246712296418
-2.94198893569321
-2.9424886527877
-3.34588915951589
-3.62409479383512
-3.62409479383512
-3.62409479383512
-3.62409479383512
-3.61741021914274
-3.61855052931757
-3.62409479383512
-3.62409479383512
-3.24533950896382
-2.66394677844074
-2.68534037904183
-2.33296127277345
-1.01526264533243
-0.906368469744411
-1.02076993219886
-0.746873291353646
-1.12621865072605
-1.00938637194163
-0.853338355817555
-1.38183052116493
-1.56741523831461
-0.647296731520227
-0.378553913912643
-1.40963670774149
-3.90126109160329
-3.84887015524845
-3.84887015524845
-3.84887015524845
-3.84887015524845
-3.84887015524845
-3.84887015524845
-3.84887015524845
-3.84887015524845
-3.84887015524845
-3.84887015524845
-3.84887015524845
-3.85585561342909
-3.90126109160329
-2.88481273522597
-2.61484676410497
-2.57991947320174
-2.58690493138239
-2.91522146587274
-3.96879654757228
-3.96879654757228
-3.61308130948078
-2.42435257218819
-2.61275870961019
-2.60581115537678
-2.79092579716389
-2.7001148408155
-3.21703874618329
-3.17762917496563
-3.03442728226239
-3.07410521728371
-2.48920381523162
-3.50893198769138
-3.69404662947849
-3.39255098834487
-3.14107449384162
-3.2116357444465
-3.62409479383512
-3.62409479383512
-3.62409479383512
-3.62409479383512
-3.62409479383512
-3.62409479383512
-3.62409479383512
-3.62409479383512
-3.47541647629562
-2.72926914693605
-2.67885509473397
-2.68168136223304
-2.79460481413307
-2.66471600490657
-1.69682018963277
-1.47975979548547
-1.75551726348486
-2.077644825844
-1.55077781476815
-1.02464187739836
-0.84796481562475
-1.23579310444868
-1.47447116664493
-2.4035126003306
-3.89427563342265
-3.84887015524845
-3.84887015524845
-3.88379744615168
-3.88030471706135
-3.88030471706135
-3.88379744615168
-3.87681198797103
-3.86633380070006
-3.85236288433877
-3.84887015524845
-3.84887015524845
-3.89078290433232
-2.88029417496951
-2.58341220229207
-2.57991947320174
-2.83139596770499
-4.16842523484212
-3.32318479498398
-3.74580501491305
-3.18909691346071
-3.36623654584306
-3.03442728226239
-3.30336742221725
-3.63788256153139
-3.62409479383512
-3.62409479383512
-3.62409479383512
-3.62409479383512
-3.62409479383512
-3.62409479383512
-3.62409479383512
-3.56995488270727
-2.7554287863621
-2.68633021233306
-2.68633021233306
-2.75923509773097
-3.16832682679762
-3.16256311761842
-2.67776009671748
-2.20250741711854
-2.13878554871866
-2.14140636899913
-1.66567966726631
-1.99424594545794
-1.22637334885419
-2.74062663553111
-3.88379744615168
-3.87331925888071
-3.89078290433232
-3.90126109160329
-3.90126109160329
-3.87331925888071
-3.87681198797103
-3.90126109160329
-2.76852684407918
-2.79297594771144
-2.89426509133081
-3.63168395670761
-3.32083106766887
-3.16016552951401
-3.62819122761728
-3.68696391746094
-3.62409479383512
-3.62409479383512
-3.62409479383512
-3.62409479383512
-3.62409479383512
-3.62409479383512
-3.62409479383512
-3.62409479383512
-3.62409479383512
-3.61550049691503
-2.90986487411373
-2.72824296141693
-3.1648340977073
-3.23550248308006
-2.79192588860905
-3.32631343942845
-2.90909122342127
-3.32041966452471
-2.85584507133725
-3.63168395670761
-3.47101841855275
-3.70442756291255
-3.63806571019642
-3.62409479383512
-3.62409479383512
-3.62409479383512
-3.62409479383512
-3.62409479383512
-3.62409479383512
-3.62409479383512
-3.62409479383512
-3.62409479383512
-3.68347118837061
-3.14737045225568
-2.88727963315016
-3.70093483382223
-3.67997845928029
-3.63806571019641
-3.62409479383512
-3.62409479383512
-3.62409479383512
-3.67997845928029
-3.69394937564158
-3.67648573018997
-3.67648573018997
-3.666007542919
-3.70093483382223
-3.70442756291255
-3.67648573018997
-3.62758752292545
-3.64854389746738
-3.67299300109964
-3.69394937564158
